0	0	1.6309314016157208
0.01	4.840486146322059	0
0.01	-5.9443658346470345	4.859009657832838
0.01	6.513992975918899	0.16583368702516627
0.02	-5.92626895748491	1.4144564394408874
0.03	2.02000212100549	0
0.03	-6.508651217412586	0
0.04	3.420454869542613	0.9125439966131819
0.06	-4.776733050627638	0
0.07	-4.459373631666974	0
0.13	4.527376571906709	0
0.19	-2.660068678710288	0
0.28	0	0
0.39	4.753815479923059	0
0.54	8.346712721004055	0
0.69	4.407135035071863	0
0.87	6.811309170076547	0
1.08	1.2501601069843777	0
1.3	-2.49274143133078	0
1.48	9.990647131045929	0
1.69	3.054577897492692	0
1.9	3.7217062192364647	0
2.08	1.7476619825547186	0
2.3	4.185980895066944	0
2.48	2.1939958473115664	0
2.7	3.7845982471684967	0
2.88	3.831631759590629	0
3.08	3.9030313004862776	0
3.25	2.826243583450295	0
3.46	3.6384684004235988	0
3.67	2.616277252188184	0
3.85	2.925063799336972	0
3.99	3.9004775467709414	0
4.23	6.430633717958457	0
4.43	6.492188529955489	0
4.6	5.291351914009512	0
4.79	5.748031107469198	0
4.95	6.878995851043081	0
5.12	7.274406267880339	0
5.27	8.517319622969245	0
5.36	8.781206921681012	0
5.43	7.461391541528944	0
5.48	8.237605525345089	0
5.52	5.604497733556591	0
5.57	6.995970370720752	0
5.62	4.902413612125117	0
5.68	6.998929764669792	0
5.73	6.541504068607793	0
5.8	7.7486987437336525	0
5.85	6.616817071065996	0
5.9	6.819163236027793	0
5.97	7.288147674050193	0
6.04	7.37196634509099	0
6.1	6.958408193164194	0
6.17	7.141827661525912	0
6.27	7.733270711326035	0
6.35	7.029688507376227	0
6.45	7.10980476302946	0
6.52	5.404122351940744	0
6.62	5.505628769693322	0
6.69	5.483211537635674	0
6.78	4.622474081918722	0
6.85	6.697910139951314	0
6.94	6.483807053266551	0
7.01	5.905506544366846	0
7.11	6.767253481749268	0
7.2	6.262567066806819	0
7.28	5.7904902915061225	0
7.37	6.65828275496227	0
7.45	6.053654236249094	0
7.54	7.378205693251109	0
7.61	5.510835077406864	0
7.7	6.977890497112657	0
7.79	5.782371900392882	0
7.87	5.910032770802877	0
7.96	7.403070898524926	0
8.04	4.854525096441953	0
8.14	5.2569917108110245	0
8.21	6.372771714745873	0
8.3	5.288828494964199	0
8.37	4.992347063629826	0
8.46	4.933097019119204	0
8.55	5.838208233055725	0
8.65	5.605751485511127	0
8.74	4.9787018923072806	0
8.82	0.9908494652244538	0
8.92	4.364076377774019	0
9	2.5981572227001397	0
9.06	3.605612869595351	0
9.14	3.1413050689979616	0
9.22	2.8280405729888263	0
9.3	1.7251692081183785	0
9.43	1.397656192401618	0
9.56	2.2784338068948218	0
9.71	0	0
9.83	0	0
9.92	0	0
10	1.8051418091123332	0
10.09	3.0010788299572972	0
10.17	3.212537254991721	0
10.26	3.6524754302724256	0
10.37	2.3079738443733846	0
10.46	0	0
10.56	-0.16219583746743177	0
10.67	0	0
10.75	0.5482987355344173	0
10.85	0	0
10.93	-2.0141086954920246	0
11.03	-0.8865668966194831	0
11.13	-1.6417536624073075	0
11.22	-2.0316728050391184	0
11.33	-2.823373220133501	0
11.42	-3.818576231729975	0
11.52	-4.88396854681039	0
11.61	-3.919127330477934	0
11.72	-5.017462059477795	0
11.8	-5.773878014685526	0
11.91	-7.840690109538947	0
12.01	-7.741960889869167	0
12.1	-7.728581191000812	0
12.2	-8.06502951264195	0
12.29	-8.4132614892203	0
12.4	-8.466598961312387	0
12.49	-8.1984551094085	0
12.6	-6.952184741910898	0
12.71	-6.560709171083263	0
12.8	-4.916538598238121	0
12.9	-5.763056187504432	0
12.99	-5.0357345892978715	0
13.08	-6.597267700724008	0
13.19	-5.19608473202439	0
13.3	-3.579833634059187	0
13.39	-3.281717563810536	0
13.5	-3.4867068480336325	0
13.61	-3.7485499469979935	0
13.91	-2.676987455579328	0
14.02	-4.078957601108656	0
14.12	-3.5376780817281057	0
14.23	-3.0307018923456495	0
14.32	-2.662668196344727	0
14.43	-3.7555081203235323	0
14.52	-3.5607882068289016	0
14.64	-4.265502470227943	0
14.75	-3.0890437095544283	0
14.84	-4.891750594790635	0
14.95	-3.888690328230113	0
15.05	-3.1715219911853247	0
15.16	-3.6080177032576213	0
15.25	-3.3649365252628076	0
15.36	-4.7345366191448885	0
15.45	-4.860694634959668	0
15.57	-5.430832348870881	0
15.68	-4.514771722650289	0
15.78	-4.127200151938063	0
15.89	-3.628742564521491	0
16	-4.009232876327683	0
16.1	-2.9121248235686976	0
16.19	-5.120622993207233	0
16.31	-3.7572462109999236	0
16.4	-4.573306535485687	0
16.52	-5.3622990576665135	0
16.63	-4.963385169628065	0
16.73	-4.876926230004461	0
16.84	-5.030443711875393	0
16.94	-5.877813303085284	0
17.06	-5.164580823213016	0
17.16	-4.855441684873118	0
17.27	-4.560275780872419	0
17.39	-3.9550336379322535	0
17.49	-3.4267706476909328	0
17.61	-3.796700356650414	0
17.71	-3.420766927931401	0
17.84	-3.2442444113293942	0
17.94	-2.7559709217045243	0
18.06	-2.8296419775654127	0
18.16	-3.2837466462810885	0
18.28	-3.9783557654621604	0
18.39	-3.0544023770678854	0
18.51	-5.094517878834922	0
18.64	-4.095089530955839	0
18.75	-4.107179690208186	0
18.88	-4.5287439050835125	0
18.98	-4.180993474227922	0
19.11	-4.370342749795328	0
19.22	-4.883644787245129	0
19.35	-5.73232227276081	0
19.49	-4.909337183688013	0
19.6	-5.545827328959304	0
19.71	-5.122984645336372	0
19.84	-4.160832016461599	0
19.98	-4.305630491252276	0
20.09	-4.404589144825719	0
20.24	-6.497092555648828	0
20.35	-4.307267776921015	0
20.5	-4.6934951167494585	0
20.62	-4.056390150641302	0
20.76	-4.557237787492087	0
20.9	-7.0499818351367285	0
21.02	-5.081046795924565	0
21.17	-4.925673252149923	0
21.3	-6.141840854178214	0
21.44	-5.505185050729789	0
21.59	-5.89893803400838	0
21.71	-6.279384873084919	0
21.86	-5.282552396766115	0
21.99	-6.298506826349604	0
22.11	-5.470373627326247	0
22.27	-6.121496774594551	0
22.42	-6.08353325835451	0
22.54	-7.757558060776254	0
22.69	-7.512030552176863	0
22.82	-7.929791076050024	0
22.97	-8.021285131565705	0
23.1	-7.235032822487201	0
23.25	-8.795386871922842	0
23.37	-8.147247989043194	0
23.52	-8.544486263263824	0
23.67	-9.61816865420138	0
23.8	-9.632655198980032	0
23.95	-9.356762541588877	0
24.08	-9.236411613313884	0
24.22	-9.516667415796624	0
24.37	-9.796885202966614	0
24.5	-10.564018465950694	0
24.62	-8.82799744960819	0
24.78	-8.796878473999893	0
24.92	-11.045665587550328	0
25.04	-10.305524175618395	0
25.19	-10.99375190071801	0
25.32	-10.76320049598171	0
25.47	-10.608936874666837	0
25.6	-10.616454340102171	0
25.74	-10.33251023418151	0
25.89	-10.07973449129626	0
26.02	-10.52651676710909	0
26.18	-10.826420292700956	0
26.3	-10.886545098158988	0
26.45	-11.326223802686648	0
26.57	-10.644272008468027	0
26.73	-11.144213337033136	0
26.88	-10.950231073797804	0
27.01	-11.640711706004476	0
27.13	-11.349472894447642	0
27.28	-10.431004711524743	0
27.44	-11.742063399341285	0
27.57	-11.708423894121244	0
27.72	-11.707346900106195	0
27.85	-11.340640343621267	0
28	-12.367205131740379	0
28.15	-11.010737167619025	0
28.28	-12.170380852300283	0
28.44	-12.132130858262325	0
28.56	-12.189696932874298	0
28.72	-12.582235357475902	0
28.83	-12.548757008384193	0
28.96	-11.305378886117424	0
29.07	-11.205458333306849	0
29.21	-11.676554916667357	0
29.35	-12.063767267399244	0
29.46	-11.199238377174607	0
29.56	-11.344991393447232	0
29.62	-11.253317628499103	0
29.66	-11.223225037361194	0
29.66	-11.820479824190441	0
29.65	-10.773106424201266	3.4742352088652786
29.64	-10.425589058922128	1.4078226213907084
29.63	-9.541925737661359	2.762762857630102
29.62	-10.060387524561646	5.478394681786855
29.61	-8.829507971492413	4.38058632430745
29.6	-9.396743754465405	2.9370507536011163
29.59	-10.35811149227797	3.241442995868978
29.58	-11.418024467784525	4.677387255038866
29.57	-10.403339919169415	1.3588974536918865
29.56	-12.326284574549229	2.4938571633218913
29.55	-11.556866086935946	1.7422995588916772
29.54	-11.704923649545512	2.298153263381189
29.53	-11.587169159726937	2.650768941066373
29.52	-11.157570437698519	3.5815175471367424
29.51	-11.652352417741204	3.538451663594948
29.51	-13.20980332527347	3.0089668179154927
29.5	-12.439630705058145	2.597923365331098
29.49	-11.749604344059074	1.778998386960038
29.48	-13.345501222812496	0
29.49	-12.728988945723996	0
29.52	-13.84290255387191	0
29.58	-14.56889851917931	0
29.66	-13.465274198344867	0
29.7	-15.617226938258737	0
29.7	-16.036298887814187	0
29.68	-16.54578526382362	1.3753574396390054
29.66	-16.112822719539952	10.417702593815367
29.6	-17.381367963101717	18.04978587250551
29.54	-17.442112125280513	11.33352827709247
29.51	-17.88623069203066	9.717208450934043
29.47	-18.13776314341965	10.809078803843384
29.43	-17.541994826807382	11.729666184075954
29.38	-17.843059716828215	11.77367398333541
29.34	-18.083803823265455	11.337243129056692
29.29	-17.88364239021705	12.435169585627035
29.24	-17.85771125098619	13.246479150975269
29.19	-18.10756724520883	12.789618779674473
29.15	-17.732103681658344	11.542057741326731
29.1	-17.585704983859774	10.354291258849505
29.06	-17.95344536404045	11.154158978821192
29.02	-19.114059040474203	11.464230524625188
28.98	-18.51580534469705	7.745868482943167
28.97	-19.86094898422739	3.1843930937718024
28.98	-18.618122860264286	0
29.01	-19.342156560729237	0
29.06	-19.646023937362898	0
29.1	-21.01231103907372	0
29.15	-20.852386027089544	0
29.19	-22.270988827251124	0
29.26	-21.19086931602568	0
29.32	-21.733501749661098	0
29.37	-22.07448758766963	0
29.44	-21.301686609988693	0
29.5	-21.978991775038033	0
29.56	-21.150340155459563	0
29.62	-20.53996607516738	0
29.68	-21.11028159716299	0
29.74	-20.634705676327073	0
29.8	-20.927485520434775	0
29.87	-20.90108209208763	0
29.92	-21.009836960696767	0
29.98	-21.160166882266637	0
30.03	-20.096288259305183	0
30.1	-20.83714534056413	0
30.15	-21.551661988844042	0
30.21	-21.594887201767317	0
30.27	-20.621688445386273	0
30.33	-20.58178273165526	0
30.4	-21.080449217168127	0
30.46	-20.972681574473818	0
30.52	-20.817679934934045	0
30.59	-19.593738556046187	0
30.66	-19.045580969510155	0
30.73	-19.777442141577193	0
30.81	-19.55726993112631	0
30.88	-19.71116928693692	0
30.96	-19.39888929712388	0
31.05	-19.746757875104826	0
31.12	-19.193437428604643	0
31.21	-20.62289275512392	0
31.28	-19.798081106365892	0
31.38	-20.116255487347154	0
31.46	-19.93881987706304	0
31.56	-19.806520662064045	0
31.65	-19.617568956624442	0
31.75	-20.290542334952473	0
31.84	-20.989287626199303	0
31.94	-20.47731518848047	0
32.04	-21.164125686128063	0
32.12	-22.03872459301392	0
32.23	-22.629232521598666	0
32.31	-22.57819178316977	0
32.41	-23.87031978838675	0
32.5	-23.53510702588974	0
32.6	-23.13353764661423	0
32.7	-21.88206675517295	0
32.79	-21.42233584560426	0
32.9	-23.294234769169492	0
32.99	-27.015993602799174	0
33.09	-28.573134069158918	0
33.17	-29.37151797906585	0
33.26	-29.59113973857644	0
33.34	-31.060815502455824	0
33.42	-32.42534711610324	0
33.5	-32.9843647478104	0
33.56	-30.73914840744532	0
33.64	-29.200612404422454	0
33.7	-28.06080918474834	0
33.78	-31.19504623276937	0
33.85	-34.15040877107887	0
33.92	-36.99554909595103	0
33.98	-43.11939604837026	0
34.03	-46.77767169999371	0
34.05	-49.02842443011217	0
34.07	-48.19844841918798	0
34.09	-50.52358826668396	0
34.1	-48.67058339810826	1.6787466530518393
34.08	-50.59209323486028	11.045705045892655
34.04	-52.48949251279956	12.264921096722626
34.01	-50.48807977898418	10.390642827382075
33.98	-52.013672451985165	10.757237935033572
33.96	-53.141140194635135	6.307666598868343
33.95	-51.34970502834812	4.78952600558154
33.95	-51.22187990992559	1.1241284212645202
33.94	-51.7854839131581	8.655198387369936
33.91	-53.46395658659225	12.931902937963146
33.84	-55.78776593893799	17.165634733687472
33.78	-58.67186020318455	19.059135238945203
33.68	-65.39508493954936	21.274105698443922
33.6	-65.03415604736249	20.471089777069
33.5	-63.63420909178187	20.861126512117263
33.42	-63.026596226094235	18.940498990632285
33.36	-59.38376193587834	17.306681350535197
33.29	-57.44201412133964	16.407964846118947
33.23	-57.37068994345197	16.214301307978175
33.17	-57.18680760539155	12.293923169061657
33.14	-56.971003435718956	7.347882358952746
33.14	-56.307542242561055	0
33.16	-54.66337166857474	0
33.22	-54.2158484633535	0
33.3	-54.152699582629836	0
33.37	-54.80725086935353	0
33.47	-55.88173075980911	0
33.55	-55.15656054953751	0
33.66	-56.28991200214976	0
33.75	-60.13725631445765	0
33.84	-62.38020839258979	0
33.93	-62.75719465710353	0
33.99	-58.897094272291746	0
34.05	-54.290830940813336	0
34.11	-51.15691228486612	0
34.19	-48.26963050241571	0
34.25	-43.901755971866116	0
34.33	-39.6213937259529	0
34.43	-38.44737962163376	0
34.53	-40.341606939645644	0
34.64	-41.48511606447472	0
34.94	-39.354896975194045	0
35.06	-39.34065187777724	0
35.15	-38.804108338959836	0
35.26	-37.596574265895626	0
35.34	-36.34921143410095	0
35.43	-34.4858728812956	0
35.51	-33.06508699628891	0
35.61	-31.906267038804952	0
35.71	-34.00700281061267	0
35.79	-35.03412430356056	0
35.89	-35.70003896450815	0
35.97	-35.12653544175189	0
36.06	-34.060308598856246	0
36.13	-33.08106229836631	0
36.21	-32.58054996597839	0
36.28	-30.86568169496997	0
36.35	-29.656863501941604	0
36.4	-30.421280802037092	0
36.5	-32.9879674424587	0
36.6	-34.52441905356691	0
36.68	-33.57455162588616	0
36.78	-35.474907601645285	0
36.86	-37.3214062546122	0
36.95	-39.04788492774502	0
37.01	-39.995632390032895	0
37.08	-40.023533107294305	0
37.14	-40.70468512153733	0
37.19	-42.96574558711909	0
37.24	-44.47327021307009	0
37.27	-47.45762099256247	0
37.27	-47.887455728666666	0.2213923008150845
37.29	-49.43589492290199	0
37.32	-49.94067961410147	0
37.33	-51.56776618321192	0
37.33	-53.05461767152819	0
37.33	-54.90277324395688	1.068055385329167
37.32	-55.40718382220435	5.943476058927535
37.31	-55.98532831034914	5.003630608741631
37.3	-57.35648278925371	5.320913661120131
37.29	-57.68354865645801	5.385482503875971
37.27	-57.896718457504505	7.271258509596228
37.24	-57.149753726406594	11.948440515905784
37.21	-58.942301973047925	11.148863342237943
37.17	-60.24782690142581	10.976106372648031
37.12	-61.69228545219792	13.952940697973892
37.07	-62.419198136234726	15.275823187905685
37	-62.57743172948507	16.05807555370017
36.94	-62.427000528557535	16.925426537922064
36.88	-62.57115698755141	16.803515972796177
36.81	-62.70959047311296	16.364541979166944
36.73	-63.09139267521424	16.941559833592237
36.66	-63.055572755756494	17.04801937666777
36.59	-63.60813315903302	17.4066688035202
36.5	-64.75141491258528	17.728210906913265
36.43	-63.97743890683472	18.118968383982864
36.34	-65.12422505298258	20.239626420595215
36.25	-65.09467796945417	20.496455648470207
36.15	-64.95308888104923	21.06874702768116
36.06	-65.56415385059464	20.471184185204425
35.95	-64.14606303145803	21.422833192779827
35.84	-65.02220850544306	21.774760315964635
35.74	-64.05983208507098	21.990059816780594
35.65	-64.29475625000026	21.242813592607266
35.54	-64.96498920356512	20.158614365778394
35.43	-63.89833166392891	19.266469659053982
35.35	-64.75681264423292	18.76173848410491
35.25	-64.01248588796724	18.03009378594537
35.18	-63.542218886347285	15.94556035302081
35.12	-64.12086976179201	11.355988615445826
35.07	-62.75102055668531	10.783780036491306
35.04	-62.83594077689484	3.332887873937667
35.02	-62.86162092559991	3.997262843217627
35	-62.61893772561761	2.3651306799228307
34.99	-63.09600070960363	0
34.99	-63.194684235321915	0
34.98	-63.15925508005066	0
34.98	-63.72467108162584	0
34.99	-63.31307643556412	0
34.99	-63.069150151749085	0
35	-63.34416821891951	0
35.01	-62.63093031886248	0
35.03	-62.80145323275148	0
35.05	-62.2734035031118	0
35.06	-61.93495302246533	0
35.09	-61.960767653702824	0
35.11	-61.82247795839079	0
35.13	-60.55260863198237	0
35.16	-60.93013218629702	0
35.2	-60.30048796032265	0
35.23	-60.02185749207856	0
35.27	-60.825458062205165	0
35.31	-60.360065770156396	0
35.35	-59.87619989859451	0
35.39	-59.863472380707115	0
35.43	-58.78786908825807	0
35.49	-57.46474753256138	0
35.54	-56.206061307632794	0
35.59	-54.296546596151146	0
35.66	-52.62292645972647	0
35.72	-51.369746600453105	0
35.8	-49.658675096347594	0
35.86	-47.54520512968633	0
35.95	-46.36842420335103	0
36.02	-44.090939849255314	0
36.11	-40.31728141394687	0
36.18	-38.49459872532978	0
36.28	-34.560763439494195	0
36.37	-29.79769130780333	0
36.44	-26.626719131148306	0
36.53	-22.0976450846652	0
36.61	-17.88372555114915	0
36.7	-13.080992030330187	0
36.77	-8.018051642604693	0
36.85	-1.3329286323203187	0
36.92	3.025121526626158	0
37.01	7.455260717677028	0
37.07	9.386789890465101	0
37.16	11.30671647001915	0
37.24	13.47204391776712	0
37.31	13.602242051333052	0
37.39	14.866802528207325	0
37.46	15.752873894825992	0
37.55	15.235016903795334	0
37.62	15.095556500596562	0
37.7	15.259503212456895	0
37.77	14.142234703618268	0
37.85	12.85227010187048	0
37.93	10.464300383214024	0
37.99	6.643581080530596	0
38.06	0	0
38.12	-4.876556140107365	0
38.19	-10.10763818504305	0
38.25	-15.439835681672363	0
38.29	-19.150103854388515	0
38.34	-22.193818901553346	0
38.37	-25.03992979720187	0
38.4	-28.304170080306893	0
38.42	-30.543310285122622	0
38.45	-33.27016872352666	0
38.46	-35.437221631443485	0
38.47	-37.56624690811055	0
38.48	-39.424295483089516	0
38.49	-41.522312710979214	0
38.49	-43.77389711850474	2.6457799891031177
38.48	-45.40437503742276	5.091541539766866
38.47	-46.72930436834837	5.3338309774021
38.45	-48.530777413033015	7.020981117419442
38.42	-50.20646197253212	9.941120029727157
38.38	-51.52946560439623	13.628444399038077
38.32	-53.18126535477256	14.574598399596358
38.27	-54.02325384005611	16.650809910582176
38.19	-55.23314874952206	16.891284314164153
38.12	-56.27805720043795	18.12979210971326
38.05	-56.96719896460213	18.611731902162393
37.96	-57.640437927105495	19.509358834712874
37.88	-58.478744321448254	20.376724946634972
37.78	-59.12309395789372	20.55083016856372
37.69	-59.433263247758184	21.739709269140672
37.58	-59.93620840644108	22.387472642888426
37.48	-60.27536577125716	22.66766647602893
37.39	-60.613812095924615	21.562517907613245
37.28	-60.836374264212104	20.7906309566481
37.18	-61.61998524553752	22.120530724367853
37.07	-61.753901958144695	21.60538672988828
36.98	-61.876919335891486	20.943972413417654
36.87	-62.51875513970794	20.5301153031656
36.79	-62.621120560991244	18.396221154370203
36.7	-62.81865640208188	18.083428672191804
36.62	-62.134364801683354	15.382963977630768
36.55	-62.38954639960229	14.429364359537884
36.5	-62.016914623834076	11.08153124365314
36.46	-61.72249104167972	5.735290888726932
36.44	-61.810670351021564	0.9985773498012708
36.43	-61.8431491545889	0
36.44	-61.21912163766891	0
36.45	-61.60474470330355	0
36.46	-61.77793912146325	0
36.48	-62.335402487803634	0
36.5	-61.71270828275589	0
36.52	-61.33712981787991	0
36.55	-60.60238785716564	0
36.58	-60.799843239643074	0
36.61	-59.51538385258578	0
36.64	-58.161409655975	0
36.68	-56.766310836251655	0
36.72	-55.49040644578623	0
36.76	-54.06696537823964	0
36.81	-52.15133062832697	0
36.85	-50.369369264620396	0
36.91	-49.17332348554132	0
36.97	-47.7589724920154	0
37.02	-46.40806925884996	0
37.08	-45.170119267315584	0
37.14	-44.581071604219275	0
37.21	-43.46677259170372	0
37.27	-41.77279127537698	0
37.34	-40.29553760519344	0
37.42	-38.29178825155145	0
37.48	-36.47896425335399	0
37.55	-33.60799930944362	0
37.61	-30.792073684502217	0
37.69	-27.57419664920179	0
37.75	-24.207890535612975	0
37.82	-20.59616365138493	0
37.89	-17.171896329724248	0
37.96	-12.71408355927152	0
38.03	-8.695968089434738	0
38.1	-3.4708751100979987	0
38.17	-0.584642574896949	0
38.23	0.3926876850520219	0
38.31	2.907574147005762	0
38.37	3.4030239103297406	0
38.44	0	0
38.51	-0.6477716464106256	0
38.58	-7.103098421971607	0
38.65	-11.00916238179249	0
38.71	-14.79437073854904	0
38.78	-18.44315731105037	0
38.84	-21.65205018209153	0
38.9	-25.68575556596099	0
38.95	-28.143846976303745	0
39	-31.102254269808796	0
39.04	-33.88168079921084	0
39.07	-36.636678093757574	0
39.1	-39.224543238745035	0
39.12	-41.53055663993212	0
39.13	-43.99573096663004	0
39.14	-45.73698019266885	1.2689050317007118
39.13	-48.135118675938855	4.820025521132685
39.12	-49.20188996505116	6.0555685598190045
39.1	-51.367680016668075	8.941143004317643
39.07	-52.254090008011204	9.350882086170532
39.04	-53.22902435140361	10.395540644194046
39.01	-54.19851785544412	9.933134408528408
38.98	-55.05396074381687	9.84663764323201
38.94	-56.061419149984566	10.266258978564892
38.91	-57.06063340400572	10.945114353667373
38.87	-57.57509135963483	11.09052022302876
38.84	-57.58118033647982	9.836523540352596
38.8	-58.506722896219806	10.538927400497373
38.77	-58.72132380679406	10.018517433906972
38.73	-58.82596662618005	10.352549921077376
38.68	-59.544316412448126	12.123319848763732
38.64	-59.77580574474408	11.28109280152114
38.59	-59.718235257996604	11.704507194381192
38.55	-61.28018272251781	12.260430444444513
38.5	-60.831556663673354	11.959626004980203
38.45	-61.2372452304069	12.410969752220366
38.4	-61.877596498850856	12.952437807775274
38.34	-61.88337957629213	13.438604777668273
38.29	-61.4104949623977	12.250782413132535
38.23	-62.137097358318535	11.329795827390445
38.19	-61.58181722037336	11.60144150755021
38.14	-61.700540899570946	8.939912417664628
38.11	-61.4013087044463	6.72140578619118
38.08	-61.3037944424721	3.954102505671017
38.07	-61.87080788253882	1.173264379598449
38.05	-61.25119021129939	0
38.04	-61.28907355199542	0
38.04	-62.35746589229174	0
38.03	-62.473624923882916	0
38.02	-62.234461703917724	0
38.02	-62.62799081500763	0
38.01	-62.96962880563306	0
38.01	-62.66802168542117	0
38	-63.19749850110939	0
38	-63.10375400425043	0
37.99	-62.51116757279552	0
37.99	-62.82135358466073	0
37.99	-62.08248972096966	0
38	-62.02094368280325	0
38.01	-61.6392524709105	0
38.02	-61.17900541781675	0
38.04	-61.08517485448285	0
38.06	-61.21113070302562	0
38.09	-60.09960682481248	0
38.12	-60.785606276872265	0
38.14	-60.84087787472456	0
38.17	-60.22333756889538	0
38.21	-60.287714528444994	0
38.26	-59.85426142059576	0
38.3	-58.98526299401459	0
38.36	-59.08865513711476	0
38.41	-58.909121438477726	0
38.47	-58.030057076949234	0
38.52	-57.89290448668255	0
38.71	-56.07506519195573	0
38.78	-55.96409427234602	0
38.84	-55.236588410605854	0
38.9	-55.383193195076565	0
38.95	-54.36727476030971	0
39	-54.02397030278417	0
39.05	-52.89454689531989	0
39.11	-52.904330440820885	0
39.16	-51.87726044855738	0
39.21	-51.64224194673797	0
39.26	-51.01350275499791	0
39.31	-50.560276693081235	0
39.37	-50.49843379821093	0
39.41	-50.053695282523236	0
39.47	-49.856453233889596	0
39.52	-49.19094465619693	0
39.57	-49.4680699891826	0
39.62	-48.96588010643108	0
39.67	-49.33960239451632	0
39.72	-49.37819735252256	0
39.76	-49.09304024389018	0
39.8	-49.116077152029334	0
39.82	-49.38694142603482	0
39.85	-49.35001327537728	0
39.87	-49.94166406699625	0
39.89	-49.700166784827545	0
39.89	-50.16001419550719	0
39.89	-50.5583379879065	5.221772677873377
39.86	-51.260563116648086	8.762656362046267
39.82	-51.71800777026385	11.519994146776453
39.76	-52.592355233368075	14.286132660506755
39.71	-53.140442905573906	16.7042150760659
39.63	-53.513019427407386	17.066083227705057
39.56	-53.87104615606965	17.85642944821654
39.48	-54.80131345629313	18.401673239390355
39.39	-55.72938563009884	18.939715460458054
39.3	-56.213816788439594	21.052265522114443
39.19	-57.44835846336593	22.388323209550673
39.09	-57.633019826764944	22.782953807845168
38.97	-58.20259981011432	23.333147249531773
38.85	-58.947835487716596	24.093523407371997
38.75	-60.37587941284639	23.976257628436553
38.65	-60.07794689269601	24.086313773562917
38.52	-60.191605468793945	23.578084684478107
38.4	-60.6399237526803	23.782689021148375
38.29	-61.02016999796517	24.560446121238783
38.16	-61.18320496263974	24.108811776963243
38.05	-61.41439132160093	24.18927462292893
37.92	-62.04716517199287	23.576291195563925
37.82	-62.331073173427605	24.0283147896891
37.68	-62.79279650048985	25.056840386219296
37.58	-62.60155735733056	23.676320335001396
37.45	-62.72977237793484	22.62884260580294
37.32	-63.30791454809843	24.412892021003003
37.21	-63.465885517016154	23.523473612299927
37.08	-62.63021531057939	23.220811558791127
36.99	-63.000836192529505	20.715085631144895
36.87	-63.773671179466	19.260809681276864
36.78	-64.55251714731568	18.793648630788272
36.69	-62.81302804424386	16.885843478399632
36.62	-62.71834888800664	15.509951643943634
36.54	-63.038771991795365	14.048430070219618
36.48	-63.76087156641807	11.09254874420886
36.44	-62.82064380522579	8.113093003710521
36.41	-61.850048623820946	0
36.39	-61.63100568103828	0
36.4	-62.25678570074522	0
36.41	-62.05220133342319	0
36.43	-61.940540119862234	0
36.45	-61.28846929967123	0
36.47	-61.73079084644152	0
36.51	-61.499916367408595	0
36.55	-61.55513282582	0
36.6	-60.74784673081581	0
36.65	-57.846927433355454	0
36.71	-58.07263265873704	0
36.78	-57.0952050451524	0
36.86	-57.76235675403009	0
36.93	-57.19740852133192	0
37	-56.83869839810579	0
37.07	-56.78390875039321	0
37.16	-56.23442358037705	0
37.25	-57.058761067068296	0
37.32	-56.567502767237656	0
37.4	-53.7964678277718	0
37.47	-50.687248748680986	0
37.56	-48.47648945157639	0
37.66	-47.82227491437496	0
37.74	-47.34745024202126	0
37.84	-46.99675371958456	0
37.93	-49.59367347607348	0
38.04	-51.34532014338153	0
38.13	-51.99818270641012	0
38.18	-61.706247795826464	0
38.18	-53.97770972184377	0.6473411551691762
38.15	-40.15654612277218	12.62080455309597
38.17	-23.259172128210107	0
38.24	-25.32836732279541	0
38.34	-34.463768455392724	0
38.41	-35.59598964492747	0
38.52	-33.675565686903674	0
38.59	-56.08943746084764	0
38.64	-46.617940247161854	0
38.76	-44.533107966000756	0
39.03	-52.39611540492945	0
39.16	-30.716679103395567	0
39.22	-27.763927427190517	0
39.37	-41.294199964694705	0
39.66	-49.788412929635385	0
39.75	-44.17720625160972	0
39.85	-48.86731556289869	0
39.9	-45.997815047706034	0
39.96	-40.81166353679797	0
40.09	-38.90849523081642	0
40.19	-37.05033424487197	0
40.28	-38.562994792840236	0
40.35	-41.20050756762369	0
40.41	-39.7790618780896	0
40.48	-36.448919152261155	0
40.54	-33.97627771771894	0
40.62	-33.885612900750296	0
40.71	-35.55135907140684	0
40.8	-36.744940180828266	0
40.9	-38.22805689118797	0
40.98	-39.2568525314456	0
41.09	-39.65213300662645	0
41.19	-39.91054936948892	0
41.31	-41.07930245967799	0
41.41	-41.84576252397286	0
41.52	-41.903859113855	0
41.61	-41.582087658018516	0
41.71	-40.43534843280039	0
41.78	-39.33732173750103	0
41.87	-37.96739981310188	0
41.96	-36.843466865400885	0
42.03	-35.93414219894979	0
42.11	-35.618451297751925	0
42.18	-35.408786491391616	0
42.26	-35.20876811626934	0
42.33	-35.38260501632419	0
42.42	-35.45818078954341	0
42.51	-35.634281235059	0
42.58	-35.492053776681566	0
42.65	-35.383207593611445	0
42.74	-35.235093624812045	0
42.83	-35.16746727660798	0
42.9	-35.043840802878975	0
42.99	-34.90011604156601	0
43.06	-35.075372600368965	0
43.15	-34.715570068723196	0
43.22	-34.77667191879979	0
43.31	-34.59609686191381	0
43.39	-34.50848012971223	0
43.47	-34.625995323102586	0
43.55	-34.29887453462397	0
43.63	-34.57682165913311	0
43.71	-34.53337394302608	0
43.78	-34.46808958491939	0
43.87	-34.375620879252295	0
43.94	-34.585222158080015	0
44.03	-34.539074212280866	0
44.11	-34.39511685949637	0
44.18	-34.39064077867935	0
44.27	-34.487438182287264	0
44.34	-33.95828693341946	0
44.43	-33.93767599592475	0
44.5	-33.48121362143756	0
44.58	-32.68016059364555	0
44.65	-32.25275224708725	0
44.73	-31.47336251189443	0
44.79	-30.89332569626648	0
44.84	-30.00379385474498	0
44.9	-28.705359637254734	0
44.95	-28.059132946650575	0
45.01	-27.08896032205559	0
45.05	-26.46489721783618	0
45.1	-25.69029896928683	0
45.13	-25.101272951662278	0
45.11	-24.56145600886571	5.639606107903368
45.1	-23.765451833154895	5.099976221490094
45.09	-23.084354068222552	2.8313202167626423
45.07	-21.73335653090154	4.399495112559127
45.06	-20.707982336608318	5.090083176489252
45.05	-19.883290648623834	2.731177342051254
45.03	-18.62337438082715	4.674221235574156
45.02	-17.068847413682118	5.012907064526775
45.01	-15.769608189349455	4.1528244477322644
45	-14.782935058344163	3.5168935641524333
44.98	-13.968612151763951	3.685104602241931
44.97	-13.622501370753593	4.375653016523351
44.89	-12.969951039644767	22.702374303314766
44.78	-12.615959687545628	25.599387535344473
44.65	-12.238285058340624	25.403743827273512
44.52	-11.91746319375769	24.525364943434006
44.41	-11.188203368608086	24.41691760671925
44.28	-10.826898493765984	24.562250831480146
44.18	-10.514357215541931	24.01953398528144
44.07	-9.835708671303415	25.130510086768044
43.94	-9.805590934526087	24.079914099239225
43.84	-9.113221857185849	24.376960698656156
43.71	-8.800256392242815	24.431328541047417
43.58	-8.174153197382864	24.504252252262066
43.48	-8.700442311806285	24.066310948138838
43.36	-8.880546541062719	23.243833357470294
43.26	-8.878857577955875	23.19561232700701
43.14	-9.745608169799047	23.63668956719745
43.01	-10.599181182904077	24.74465843854708
42.89	-10.928020901094841	27.00809792502636
42.73	-11.783677334126924	28.157772293691256
42.63	-12.47813730320239	20.88327487588978
42.53	-12.550215274520115	21.78959973548766
42.42	-12.627858127257706	25.897056860681943
42.26	-12.364713008802461	30.565902650707702
42.13	-13.55076468834361	18.841114388378866
42.07	-13.721079274635981	16.158952299718244
42.04	-13.552848627170805	4.71718199572517
41.99	-13.593097249399921	18.12219030204225
41.87	-13.575223894440539	26.546046157073604
41.74	-13.992234682517937	30.689334447930072
41.58	-14.362694808118992	25.367944471745446
41.5	-15.219550730790687	16.452166405930505
41.46	-15.178365173198094	6.626211846944092
41.45	-15.223581510447719	0
41.46	-15.28206114683884	0
41.47	-15.670688432488664	0
41.49	-15.880676615936643	0
41.5	-15.894547138987704	0
41.51	-15.867544705974831	0
41.52	-15.454131227663714	1.15542499665723
41.5	-14.869513199305947	9.561968436700072
41.44	-14.582756429433356	16.70673507138731
41.35	-14.060842372879076	22.947125262562405
41.22	-13.310770904505748	27.22762248212188
41.08	-12.629095036867579	29.860740114935076
40.91	-11.912902068055939	30.154197482292737
40.74	-11.431338615215374	29.83723555514358
40.6	-10.93361371431785	30.438311417759124
40.43	-6.819666031656272	30.149337872425384
40.29	-5.0621493141628084	26.996007134027984
40.15	-7.157240146033924	25.17529875141911
40.01	-9.095429992769569	33.41678182979305
39.8	-8.091097684771707	34.75337968116462
39.58	-6.309037024912345	36.413412360761946
39.42	-6.314230303102433	32.466006469296644
39.23	-7.407179754668485	30.920829175096696
39.1	-6.59173159175212	26.151833822772062
39.05	1.1544139474761652	6.5322153881922675
39.03	3.7308847465494996	4.567511856505866
39.02	4.580744252009321	4.07393142282324
38.99	6.014403278818834	9.058776903897561
38.97	3.21180420130014	3.128933769183546
38.96	4.430318947896793	3.987622725659785
38.96	5.474442073252873	0
38.96	6.251628927855154	0
38.97	7.487156350534763	0
38.97	8.29561153201096	0
38.97	9.488231191702251	0
38.97	10.386985777467459	0
38.97	11.725210686823718	0.5854420361374878
38.96	13.15807125006418	1.8133158220771868
38.95	14.91896592277543	3.7495480647711283
38.94	15.811429161067334	4.561554921958347
38.93	16.661034235127076	5.662388936025297
38.91	16.70704505315794	5.725758561378879
38.9	17.145286226502435	6.013139047194979
38.89	17.266360288360744	3.109419532662249
38.87	17.804739050734298	3.431827964857665
38.86	18.373265387853106	2.7366359163129643
38.85	18.539634315364946	2.191151975670273
38.84	18.563442856947397	2.153494852755259
38.84	18.475969661244243	0
38.87	18.305831367151182	0
38.91	17.90161241748999	0
38.98	16.948984999974623	0
39.01	16.386896040014182	0
39.02	15.244297916370956	0
39.02	13.844028048585878	0
39.02	11.337844264737994	0
39.03	8.884411746730446	0
39.04	6.303325080207869	0
39.06	3.3832677155799	0
39.09	0.32348996395294516	0
39.11	-0.8345119239068418	0
39.15	-2.2792690087132725	0
39.2	-2.9898601730233976	0
39.23	-3.847446675665461	0
39.27	-5.492686490535201	0
39.42	-14.050563931732286	0
39.46	-16.492431509215386	0
39.49	-18.34534146559222	0
39.53	-22.015392442300314	0
39.54	-29.676419839335473	0
39.53	-29.399605324911715	0
39.55	-23.897980426084505	0
39.58	-21.473161915348573	0
39.63	-21.498035539638558	0
39.69	-21.680041375961153	0
39.77	-20.502247217554345	0
39.83	-19.966154865469697	0
39.92	-26.721596234733116	0
39.96	-31.24982630717347	4.43640485469123
39.95	-29.580763586765773	0
40.02	-27.894565086282686	0
40.09	-26.995686377408855	0
40.18	-26.625877468738423	0
40.24	-26.572745734636797	0
40.28	-25.93222713576828	0
40.31	-25.198955470705467	0
40.35	-24.512517711148558	0
40.4	-24.0704144011306	0
40.46	-23.616511335755405	0
40.52	-22.872976291867115	0
40.58	-22.400808127023904	0
40.64	-21.699676166441332	0
40.7	-21.188467818068556	0
40.76	-20.55932480945525	0
40.82	-19.960296435452776	0
40.88	-19.26272468518565	0
40.94	-18.769652804962206	0
41	-17.68004338315106	0
41.07	-17.06808010298982	0
41.13	-15.912204643138585	0
41.2	-14.936120496738898	0
41.25	-13.68814221690929	0
41.32	-11.878634627704615	0
41.38	-10.197941909640031	0
41.46	-8.491902387922718	0
41.52	-7.199099892609724	0
41.6	-5.302616376772095	0
41.66	-3.1987719387347324	0
41.74	-0.14720583700661743	0
41.82	1.2794192567533516	0
41.88	3.550743489137651	0
41.95	6.867043089073403	0
42.01	8.005167222980498	0
42.07	9.326395928957178	0
42.13	10.602295281727283	0
42.19	11.774695586161128	0
42.26	13.232393020649667	0
42.32	14.369542309637927	0
42.38	16.057875539259776	0
42.44	18.386539361790636	0
42.51	20.130214072904877	0
42.57	21.421061915538843	0
42.64	23.043194353578535	0
42.69	24.56541073288005	0
42.76	26.161700787202207	0
42.81	27.470351047536802	0
42.88	29.154124069659446	0
42.94	30.426135083457655	0
42.99	31.590256723771663	0
43.05	32.5765940773993	0
43.09	33.3809934622611	0
43.15	34.51218328301955	0
43.19	35.26556571562735	0
43.25	35.97668454180863	0
43.29	36.856504860479305	0
43.34	37.462880969541864	0
43.38	38.08296721272167	0
43.42	38.75118085752957	0
43.46	39.344319323431904	0
43.49	39.745214556278924	0
43.53	40.27180668773926	0
43.57	40.84479233331307	0
43.6	41.10658499613613	0
43.62	41.59213699924026	0
43.66	41.73178025738972	0
43.7	42.196427009215306	0
43.73	42.27395021625227	0
43.77	42.533113917442414	0
43.81	42.77572134032146	0
43.86	42.915832744819284	0
43.91	43.23346662208633	0
43.96	43.599413875318454	0
44	43.447816541600645	0
44.06	43.583825667675484	0
44.11	44.121686057085135	0
44.16	44.39137637218104	0
44.21	44.538629655887	0
44.25	44.84444745543138	0
44.3	45.060873889959915	0
44.34	45.03849173045697	0
44.39	45.419642911527845	0
44.43	45.38559207018583	0
44.46	45.37242711160999	0
44.5	45.57200343725903	0
44.53	45.17667083326812	0
44.57	45.55599935544199	0
44.6	45.22818607951111	0
44.64	44.44478278209036	0
44.67	44.593833416105454	0
44.7	44.96827562141948	0
44.72	45.18799544586738	0
44.74	45.38918530379611	0
44.76	45.72778027379882	0
44.77	46.01869050267649	0
44.79	45.3687477283998	0
44.81	45.23213275419685	0
44.82	45.204164805379094	0
44.84	45.38491053730682	0
44.85	45.80996147559539	0
44.87	46.22852703218368	0
44.88	45.965590147939196	0
44.9	46.59111826669315	0
44.91	46.86831881627827	0
44.93	46.87414425815891	0
44.94	46.77631865706207	0
44.95	47.10467450244368	0
44.97	46.82920573311618	0
44.98	46.97458678343733	0
44.99	47.21576962844429	0
45	46.975156214992026	0
45.01	47.35425246794193	0
45.02	47.39900331595202	0
45.03	47.08915345791372	0
45.04	47.2337101166821	0
45.05	46.97958181031194	0
45.06	46.96158506050856	0
45.08	46.82332466112617	0
45.11	46.67805230802316	0
45.13	47.21340639683725	0
45.15	47.68831182727972	0
45.18	47.278451187898106	0
45.2	47.0343613773939	0
45.23	47.13055183549754	0
45.26	46.822070916927125	0
45.28	46.88321605288558	0
45.31	46.6338885821386	0
45.34	46.58266084472619	0
45.37	46.86646672419864	0
45.4	46.584224051944915	0
45.43	46.635303888184424	0
45.46	46.75221833720791	0
45.49	46.802485383557	0
45.54	40.58094687073431	0
45.58	44.03078471868534	0
45.62	50.13068534657983	0
45.66	43.91009037929411	0
45.71	39.99631237300841	0
45.77	45.76798321076227	0
45.81	48.48154425183959	0
45.86	48.687401710477374	0
45.88	50.648869264859925	0
45.92	56.31884374044418	0
45.93	57.94775226914031	0
45.91	56.64132600285347	8.679323301663896
45.87	47.65708576482275	5.634039523048508
45.86	48.9102983712817	0
45.85	53.02900772136628	4.107880597535426
45.84	53.795450576778265	0.9679590772326351
45.86	54.34432624796256	0
45.89	55.996047612012106	0
45.93	59.96023781491281	0
45.94	62.01742298968936	0
45.9	47.972791525823105	10.031059478218268
45.87	54.17038494720362	8.863126853587682
45.82	65.18511227226239	2.3588478550330874
45.83	77.5968183494463	0
45.78	77.284496026304	13.353662526800658
45.71	70.94278455830974	11.964637872466044
45.67	65.90609132391499	7.179882864220493
45.63	61.291460954221236	6.543521683438434
45.6	60.07246411484977	4.153051209521699
45.59	59.921889338121005	0
45.57	58.61528648005544	2.3984927604884048
45.55	57.157621764986104	4.713576684364974
45.52	55.41084010962473	5.641745270150551
45.5	57.4943240927463	6.362497892931912
45.45	61.77936605366601	10.797506559226573
45.4	62.48086306478845	12.515796830887313
45.32	62.738771738425605	14.783676267689085
45.26	63.17997495885894	15.99808011244161
45.17	63.72428962157779	15.99594267461047
45.09	61.07240514174617	14.716843354503922
45.03	60.142395070976214	14.573733997453132
44.95	62.882893352795364	14.177204290609877
44.89	63.71669750651732	13.301687090226066
44.82	63.982951045624894	12.788129670675248
44.76	63.60951094808366	13.785015252823705
44.68	64.30922133273923	14.306970934971542
44.62	63.8358235716409	11.59157053726196
44.56	63.275187332555625	10.494249239078119
44.51	63.39512341026076	8.735818116769604
44.47	63.727793207481824	5.585800837240522
44.44	62.91503533872406	2.8443992487853973
44.42	63.02970175931656	0
44.41	63.13405865552442	0
44.4	63.57261688532466	0
44.4	63.473184780671126	0
44.4	63.62444574878455	0
44.4	64.39607764802271	0
44.4	63.76203220457202	0
44.4	64.7268549396318	0
44.4	64.29005393177724	0
44.4	63.85920753123928	0
44.4	64.83008002825075	0
44.4	64.15517606491477	0
44.39	63.50927212998828	0
44.39	65.61732916041498	0
44.38	64.93506590459145	0
44.37	64.80929335965322	0
44.35	66.70448676191867	1.832973105087291
44.32	64.75677973189795	4.3100407788285855
44.29	65.74541417147312	4.159906925816672
44.26	64.87596782185138	6.577048314565037
44.22	63.95946491682911	6.142066052809239
44.2	66.02131063889564	0.9056530865227994
44.17	64.78866797131529	4.262997440149925
44.15	66.04418465923982	2.1694114082928198
44.12	65.38549126286925	2.564999219653626
44.1	64.66901885768299	3.2121289916681786
44.08	65.96473049170702	0
44.07	64.81220492208753	1.3349654700024305
44.05	65.34703598113435	0
44.03	65.92086871356574	1.0497266092606312
44.01	65.29503217915263	0
44	65.63859586837431	0.23822640142351942
43.98	65.37721140639017	2.187358458942904
43.96	65.54393878779935	0.45438952995849036
43.94	65.55877627736315	3.455988169096527
43.92	65.10752176066303	4.491615908571503
43.88	64.53066504581443	4.310961512189854
43.85	64.91829787440875	7.628274024201681
43.81	65.23311672210758	8.053429436869243
43.76	64.65600515555656	11.088666157675764
43.7	64.61221607909633	11.817097637839742
43.63	64.94083828738063	14.443809047830356
43.55	64.58553777874401	15.97679485822746
43.47	64.52907431302013	18.70421499658129
43.36	64.7543236259507	19.3319011035528
43.27	64.46544585089838	20.876178595607332
43.14	64.23447629437413	22.959083948583324
43.04	64.50622500044551	22.424700728222778
42.91	64.33096139166338	23.30669036597055
42.8	64.41344372656289	22.38045280018294
42.67	64.24558212762231	23.250254816372355
42.56	64.2422781468306	23.07666312346333
42.43	64.63382828922552	22.562624394151346
42.32	64.50031420224563	21.581028406249548
42.2	64.41206607329367	20.701953973959586
42.09	63.93282015723538	18.937313146284108
42.01	64.54872223559146	18.526146295639347
41.9	64.23009400369999	17.28982111173157
41.82	64.27143705528992	17.336240094531348
41.73	64.45200395783517	17.333676989049344
41.65	64.58045853279312	16.087900946480588
41.56	65.3570829221735	15.262432704142666
41.47	64.62310498699867	15.410759440643309
41.4	65.25042330279508	15.185376293046701
41.32	64.67186350560964	15.3316807795262
41.24	65.33213006452114	15.60226998741492
41.15	64.41465225491196	16.082909013457943
41.08	64.73328647776692	16.25298453102844
40.98	64.82420416507384	17.103073099430592
40.89	64.61569206040065	16.24388860886362
40.81	64.31097156652692	16.168775186093473
40.74	64.39531860359243	13.976686401364155
40.65	64.1585566130089	14.543251281315285
40.59	64.03233894672343	10.50441176015955
40.54	64.50160849996136	8.123431281245686
40.48	64.17156967524093	9.565461659032767
40.44	64.55142524571896	7.58569086842677
40.39	63.7866726169286	6.851413967769381
40.36	64.27530598101347	5.875681228493895
40.32	64.03362128773185	3.782373173353835
40.3	64.14306654511304	0.5063127991327214
40.28	63.93065505932662	0
40.26	64.64194843260337	0
40.25	64.28686666404366	0
40.24	64.15638695578613	0
40.24	64.73280093422693	0
40.24	64.60283788926476	0
40.23	64.50200832823168	0
40.23	64.53432860401375	0
40.24	63.383700136193355	0
40.24	62.96504964462076	0
40.24	62.8332355489671	0
40.24	62.75038976255871	0
40.24	62.19310401373788	0
40.24	62.444601287796644	0
40.24	62.4442788592013	0
40.23	62.67875996951623	0
40.23	62.258177938448775	0
40.22	62.4559485844125	0
40.22	62.20018598171627	0
40.21	62.35515286998534	0
40.21	61.99451510750576	0
40.21	61.995632865514075	0
40.2	61.830350490819235	0
40.2	61.99193498210346	0
40.2	62.59321762859711	0
40.2	62.137995605358284	0
40.2	62.46520991605277	0
40.2	61.903208282103684	0
40.2	61.92292038339472	0
40.2	62.05113027317393	0
40.21	61.96191092644385	0
40.22	61.76559696327765	0
40.23	61.61829943488212	0
40.24	62.16901903529915	0
40.25	61.617620889772674	0
40.27	61.78172740189166	0
40.29	61.44018531654265	0
40.31	61.43992364638188	0
40.33	60.80039045651495	0
40.36	60.681473662304825	0
40.38	60.54254328533163	0
40.41	60.07736235907078	0
40.44	59.490877340025115	0
40.47	58.81538829040345	0
40.51	57.985669343044776	0
40.55	57.75035358674022	0
40.59	57.00194685855887	0
40.62	56.99232195795631	0
40.67	56.3889747711069	0
40.71	56.06658568738372	0
40.76	56.18523792233729	0
40.8	56.00892005687511	0
40.84	55.83904825686347	0
40.89	55.16512526249372	0
40.93	54.846369349397264	0
40.99	54.13809202132839	0
41.04	53.08322522803865	0
41.09	52.11687827531361	0
41.13	50.7724179352696	0
41.19	48.832302117320026	0
41.26	46.79902417280483	0
41.31	44.91565506387438	0
41.38	42.312146905586886	0
41.44	39.80413983729755	0
41.52	36.33288106048305	0
41.58	33.622749629034665	0
41.65	28.723154827503514	0
41.73	24.358189568098233	0
41.79	20.711911706228964	0
41.88	15.542457588897134	0
41.93	12.869225057396505	0
42	7.517054660610299	0
42.06	3.7122446449915603	0
42.13	0	0
42.21	-2.748845148889006	0
42.27	-3.5005879573744174	0
42.33	-1.930761552288636	0
42.4	0	0
42.47	4.5397072038695505	0
42.53	8.58646116343135	0
42.6	11.596773298212462	0
42.66	15.38746842597341	0
42.72	18.11572105515652	0
42.77	21.555519845318724	0
42.84	24.390665833302744	0
42.9	28.219516788823437	0
42.95	31.338252818858674	0
43	33.90734790095244	0
43.05	37.09889904454356	0
43.09	40.257976303293255	0
43.13	41.9130060253057	0
43.17	44.28319297511048	0
43.21	47.06405733407444	0
43.24	47.991327632870615	0
43.27	50.034657347820946	0
43.29	51.7579858519612	0
43.31	52.51718512422593	0
43.33	53.8646024757078	0
43.34	55.49199827334883	0
43.35	55.997142443579186	0
43.36	56.715076345436756	0
43.36	58.06235239302812	0
43.35	58.218907292603454	2.1726891560885324
43.35	59.164624350097576	3.228522292286817
43.33	60.27983855706532	5.27356960315815
43.31	59.90284308840812	4.8154367184593605
43.3	60.69243214537761	4.675096736008385
43.27	61.55622915109309	4.7896014710318315
43.25	61.27675552931054	6.249809158935931
43.23	62.38578865606653	3.1391812948920235
43.21	62.75341002703202	5.156339497714608
43.18	62.190863546586314	4.647278606698892
43.15	63.53676709123352	4.618435795144704
43.13	63.42890933045174	4.599649759056553
43.1	63.25786150112225	4.75825742806904
43.08	65.08033906750173	3.2688817542773125
43.05	64.49000058900542	4.969593817599218
43.02	64.43371089808458	1.7934362868803184
43	65.74794204486318	2.000179369039528
42.97	64.87413458616038	2.5190136035012243
42.95	66.10716305056421	0.14885452655987938
42.93	65.6756237423675	0
42.92	65.50295952646971	0
42.91	66.70476656819787	0
42.91	65.97289693708498	0
42.91	66.1746351494059	0
42.91	66.35848456871351	0
42.92	65.75787339343243	0
42.93	65.52311528868104	0
42.94	65.04893503484436	0
42.95	65.0854239311807	0
42.97	65.24422155648834	0
42.99	65.26877682492693	0
43	65.76598699237523	0
43.01	65.6337035553015	0
43.02	65.4271653505229	0
43.02	65.40096037025845	0
43.03	64.77279473606204	0
43.03	64.70966149700162	0
43.04	64.34201372971768	0
43.04	64.42015442554003	0
43.05	64.44753402029515	0
43.05	64.42867532739008	0
43.06	64.73845864100772	0
43.07	64.68755531805925	0
43.08	64.76402436349804	0
43.09	64.74819344867636	0
43.1	64.7547391512456	0
43.11	64.79503483257695	0
43.13	64.37122493307825	0
43.14	64.44176906281217	0
43.16	64.14557119905646	0
43.18	63.56917556539469	0
43.21	63.548152074515194	0
43.23	63.164639401485104	0
43.26	62.91316203417189	0
43.29	62.569671920565526	0
43.32	62.27536160342371	0
43.34	62.20587057196847	0
43.38	61.9330863981387	0
43.4	61.92342071490903	0
43.44	61.63774390043479	0
43.46	61.794547789804504	0
43.49	61.70949913798985	0
43.52	61.34742732286056	0
43.55	61.487184320121344	0
43.58	61.92029676415786	0
43.6	61.63061376608919	0
43.63	61.58783297678193	0
43.65	61.7194842815851	0
43.68	61.917555360746526	0
43.7	61.8401452444906	0
43.73	61.41592788096661	0
43.75	61.0522680956637	0
43.78	61.54261717928399	0
43.8	61.28074898222872	0
43.83	61.19709671968452	0
43.86	61.08846759643518	0
43.88	61.46000314887207	0
43.91	61.25599599036719	0
43.93	61.07603683262461	0
43.96	61.468071190193804	0
43.98	61.00230312198436	0
44.01	61.52012133048958	0
44.03	61.74750250804843	0
44.05	61.25378121255094	0
44.07	62.124034286773146	0
44.09	61.938543254614885	0
44.1	62.40757952548525	0
44.11	62.49806300469556	0
44.12	61.400987848819625	0
44.13	62.18697410321434	0
44.13	62.368753848915894	0
44.14	61.57623963840506	0
44.15	62.853389807528444	0
44.16	62.648649549914	0
44.16	62.134167518069916	0
44.17	62.72863592384087	0
44.17	62.847984199183	0
44.18	62.205262269937066	0
44.18	62.941838566744714	0
44.18	63.36676291707075	0
44.18	63.049504559080056	0
44.19	63.67457836829833	0
44.18	63.56099739727828	0
44.18	63.340633544994276	0
44.19	63.638034563584384	0
44.18	64.43490686956054	0
44.18	64.22618657955017	0
44.19	63.95125309452706	0
44.19	63.94740776566768	0
44.19	64.24696977492479	0
44.2	64.15051010508218	0
44.2	63.658396474466	0
44.21	64.12128727765268	0
44.21	64.2189827378315	0
44.22	63.49876844994655	0
44.22	63.74828212784172	0
44.23	64.39051259632585	0
44.24	61.60006174650532	0
44.24	61.872835251929565	0
44.25	63.734974229459326	0
44.26	65.37365279506216	0
44.25	65.41585046902767	0
44.25	65.02206069411616	0
44.24	63.93878537649031	0
44.24	62.49055374937624	0
44.24	60.96934924554554	0
44.24	60.305888269535586	0
44.25	61.6464284699333	0
44.27	63.75653151776546	0
44.28	62.859847022003294	0
44.29	62.81756665756016	0
44.29	62.88406600999693	0
44.29	63.537281969647054	0
44.29	62.184871992406464	0
44.29	61.935503755504726	0
44.3	62.69487616839385	0
44.31	61.31050362460529	0
44.32	60.40031317901683	0
44.33	56.66065902136633	0
44.35	57.862019000093106	0
44.37	57.449766817647635	0
44.41	52.893224052930336	0
44.44	54.14469718142081	0
44.47	57.21479353611651	0
44.47	67.75695771765855	0
44.44	69.136026523079	6.1492295382987905
44.39	69.48740031635715	10.758248112748511
44.33	71.14757239617269	5.590104983093751
44.3	64.17974299113003	0.5103782160315048
44.26	65.2211664178689	4.995765027908263
44.24	64.9100055292253	0
44.22	60.87636677144578	0
44.22	56.63720349497481	0
44.22	57.37493081512885	0
44.25	58.948373753911255	0
44.33	57.64171341065912	0
44.4	58.344687339228685	0
44.43	60.24256041947258	0
44.47	62.43003257039789	0
44.5	60.30450840211901	0
44.53	59.09933444873959	0
44.57	48.136434200349015	0
44.61	60.17828366631336	0
44.62	72.24665257031532	0
44.59	76.05610152071228	4.135060718139377
44.53	69.74615055428461	5.779598750150949
44.49	64.22874748369094	0.11932401038437197
44.47	58.614755368951734	0
44.47	55.62794486122596	0
44.46	47.8937448497168	0
44.48	50.35531271592029	0
44.55	54.85763275410883	0
44.59	62.300059612244965	0
44.6	67.4999966509081	0
44.62	61.48471201145459	0
44.64	60.81498626628974	0
44.67	60.21562799020807	0
44.69	57.4117833556855	0
44.69	50.30683446687668	0
44.73	53.368341124942305	0
44.79	59.683261425672335	0
44.84	57.050842677566195	0
44.86	53.77513061508379	0
44.91	52.377582172541544	0
44.96	50.510740336461	0
45.02	48.019565143280666	0
45.07	44.32758294213954	0
45.13	41.199936958359835	0
45.18	38.14676105285625	0
45.24	34.899528901973156	0
45.3	31.718468264493115	0
45.36	29.98724858239264	0
45.41	26.412042330799498	0
45.48	22.413959087477963	0
45.67	8.909699448516568	0
45.73	4.03700790905751	0
45.8	-4.992993817226333	0
45.86	-11.68149474197528	0
45.92	-14.260704295842192	0
45.98	-16.488370234390445	0
46.04	-19.427516659116613	0
46.11	-19.470288876215953	0
46.16	-20.66647059383546	0
46.23	-20.257875444573433	0
46.29	-20.098972824871474	0
46.36	-17.571040696788646	0
46.43	-14.929792457377527	0
46.49	-11.534813609802935	0
46.55	-6.597368130245493	0
46.62	-1.11736226284833	0
46.67	3.4384003464865263	0
46.74	8.95187632348395	0
46.81	12.513404069500819	0
46.87	15.098085637517023	0
46.92	18.02280527633149	0
46.99	22.011680238344137	0
47.04	24.25131344548045	0
47.09	26.905002667046606	0
47.14	28.139479676803163	0
47.18	30.010824516961065	0
47.2	31.46600945677903	0
47.21	32.680163450833845	0.5436402501314372
47.19	33.97397757315526	5.892019839361442
47.17	34.174575693475504	6.038475777580554
47.15	35.246134485190034	5.4607402738310205
47.13	36.15560020106488	4.536015776997895
47.11	35.80709341664023	6.3806715811739725
47.09	35.744748171631	6.846922607173755
47.06	36.350542486801025	6.283142064551344
47.04	36.67249562946295	5.583265234063589
47.02	37.10594699346425	6.323610384932497
47	37.24589701413366	6.554611734496525
46.98	37.40968132551379	6.7384687850883465
46.96	38.58620569447267	6.715644159821629
46.94	39.10038407304223	6.826841814633784
46.91	39.15281811361405	6.48550228933558
46.89	39.696265783357006	4.920915654508387
46.87	39.595699842731605	6.105703087936521
46.85	39.88269666688545	6.577879461460981
46.83	39.53706740964091	7.302044388161266
46.8	39.63793643518491	4.933876005260931
46.78	39.75270613833113	5.218501721390834
46.76	39.47588365363328	6.941501887563019
46.74	38.8573697771037	4.962352064536731
46.72	38.516634890585415	5.319996838115303
46.7	38.23451955114693	5.438340744296802
46.67	37.99877088715016	5.65803168546859
46.66	36.0714095617938	4.594389499478704
46.64	35.91759391200511	6.164706761902683
46.62	34.29825739821311	6.2178013701663
46.6	32.926737541219865	5.051347363953902
46.58	30.275442022179075	5.603789409148073
46.57	28.16182022389916	3.2401882356347356
46.55	25.416870720809946	4.542997686846386
46.54	22.7773353945784	4.560165455517873
46.52	20.499723740313286	2.9476027108734666
46.51	19.47215349265021	4.826246471033152
46.49	17.421826266020496	4.361000684948366
46.48	17.345650520899447	2.437849540708032
46.46	14.971935714842209	4.131365611810332
46.45	13.394517062916368	3.0099298311195692
46.43	11.877064023874185	7.166504161308162
46.38	9.826530653097219	17.7971909181131
46.25	6.866019241535593	32.384206506284606
46.02	3.4036783863775266	39.379405954990496
45.81	0.7271647389633793	39.71581575703847
45.56	-2.047138782379518	39.445430402545036
45.28	-5.197882280416798	43.190178231787115
45.02	-5.243650384600273	47.31485579664754
44.73	-7.362466032684136	51.866527123821356
44.33	-7.753613713858482	56.58730354158879
43.87	-8.133451848748827	61.42385374559758
43.46	-8.011448009587943	64.04483497121332
42.93	-8.020283996340686	66.7699703017377
42.48	-7.902264910562993	66.7148783336871
41.95	-6.572312290265212	65.85950437900183
41.51	-4.776715100270171	65.84193752840415
40.97	-5.142757807794566	66.27866325820801
40.54	-3.6713025348799944	65.09669979467853
40.02	-3.7561962022957123	64.91349352071796
39.5	-3.5038970893050685	64.65459633290045
39.07	-2.93428268287528	64.83664591408684
38.55	-3.654952356136844	64.7597701659055
38.13	-5.546596861837809	64.27107106910559
37.62	-5.1485466314799995	63.85607828569581
37.11	-4.578504359866543	62.839499476416464
36.71	-4.606289821886992	62.33038578095957
36.22	-3.886425453610427	61.517730944279144
35.82	-4.048178514185895	61.720673104079594
35.34	-2.689044380766338	61.95947820181628
34.94	-3.0097275824879954	62.37046284531761
34.45	-3.185816417804454	61.986756024155476
34.05	-2.737238122371288	61.6980235405535
33.57	-3.8311029526264084	62.10213554785519
33.17	-2.8822372777866434	61.485771294400124
32.7	-2.0597485859127245	61.55743381944802
32.22	-1.4607458651348535	61.70468462137808
31.82	-1.8956954906927939	61.31563901487375
31.35	0	61.04503474754592
30.95	0	61.15756317886359
30.48	0	61.47164972077519
30.08	0.3059881426566787	61.86156646583107
29.6	0	61.679243874305996
29.2	1.3234723300615023	61.529254852891675
28.72	0	61.63347000915009
28.24	0	61.715110500106974
27.84	0	61.80852002524095
27.36	0.4359569425937329	61.536173672366125
26.96	0.6248806989523603	61.54539817734496
26.48	0	61.47092347325109
26.07	0	61.817985504611215
25.59	0.7272302601090381	61.6439514684476
25.19	0	61.913288122876345
24.71	0.9735279248445227	61.76312808858277
24.22	0.4223799620985371	61.49984565352489
23.82	0.6040913131044016	61.78469800527164
23.34	0.6170132930521741	61.63245455883298
22.94	0	62.0751838783863
22.45	1.2825256231202715	62.01318915605013
22.05	0.34000679133380163	62.10373776664298
21.56	0	62.52066526239064
21.16	0	61.26451264129587
20.68	0.11882557799609639	61.69844608217515
20.19	0	62.59128883073287
19.78	-0.04843413845532078	62.64783218858343
19.29	0	61.748465908739526
18.89	1.4361546214994714	61.9446525591855
18.41	0	61.26474957764445
18	0.7415410032546311	62.01206928918289
17.51	-0.04138238491110799	63.23838323836898
17.1	0	62.903867153832266
16.61	0.03028694548844813	62.64008094785605
16.12	0	62.39315828985291
15.72	0	61.397384896229994
15.23	0	61.92299393506208
14.83	0	61.506591828824
14.35	0	62.081808750564285
13.94	0	62.45440937791791
13.45	0	62.74327201733056
12.96	0.4922857431784836	62.587730392182195
12.55	-0.840659221429441	61.58109533019133
12.07	0	61.80332136887308
11.67	0	60.74137211158776
11.19	0	61.56219467459261
10.71	0	61.96061920049218
10.31	0	62.5754540530421
9.9	0	62.1378090685023
9.41	0	62.93699698674722
8.91	0.9485490000328117	62.99969233113797
8.5	0	63.231551450990075
8	0	63.11595428730907
7.59	0	62.60819109996858
7.1	0	62.79195330554562
6.69	0	62.56472775462541
6.28	0	61.949386533656366
5.8	0.2173846644335356	61.87507800349298
5.31	0	62.503171063716465
4.9	0	62.54514079988252
4.41	-0.017436050673870017	62.712320072956615
3.92	0	63.03403988292078
3.5	0	63.589616645035676
3.01	0	63.49681097911981
2.59	0	63.01305603288957
2.1	4.236806454250211	61.942217284650425
1.67	-5.6670451811987155	62.56855838416499
1.18	0	62.197680234559414
0.76	-7.060863191352608	63.90682568852341
0.24	0	65.22106771865595
0.19	0	64.7791702577508
0.65	4.960274040822288	54.937158701452894
0.95	-1.3841325377775293	48.16606197584514
1.25	-3.8827533434853514	45.27112756929182
1.45	-0.2865264063518004	30.941053238231667
1.4	0.8674665658137604	0
1.09	-2.3432948459729523	0
0.83	-1.9888597897939457	0
0.62	-0.3426683402674954	0
0.53	0	0
0.47	-3.1691068897574075	0
0.41	6.6449803135527965	0
0.28	8.419470413394157	0
0.11	-11.658982252079817	0
0.15	13.265350647325793	0
0.32	-3.657817228003553	0
0	0	0
