0	-0.14823841934020704	1.0548001671066651
0.01	2.2621263907505917	0
0.01	-2.845671704182258	2.842295548090568
0.01	3.163805214258341	0.45990449448044485
0.02	-2.8357500067124	0.9570204058232216
0.03	0.9930091752455785	0
0.03	-3.1607699852723345	0
0.04	1.5803515681853662	0.742906087006514
0.06	-2.2298061847686768	0
0.07	-2.071245335615598	0
0.13	2.1048924097648034	0
0.19	-1.2501988731897795	0
0.28	-0.22652534338144156	0
0.39	2.2182258505087633	0
0.54	4.260548307345464	0
0.69	2.0455213005726156	0
0.87	3.3342647552490234	0
1.08	0.7110595932373635	0
1.3	-1.1810717445153458	0
1.48	5.332810878753662	0
1.69	1.4182780568416302	0
1.9	1.7181170445222123	0
2.08	0.8897077120267428	0
2.3	1.9378126584566557	0
2.48	1.0609597426194413	0
2.7	1.7473593124976525	0
2.88	1.7693352699279785	0
3.08	1.8028705165936398	0
3.25	1.3201349973678589	0
3.46	1.679668609912579	0
3.67	1.2319811032368588	0
3.85	1.3623220186967118	0
3.99	1.8016674426885753	0
4.23	3.1165506748052745	0
4.43	3.1514218678841224	0
4.6	2.4950698476571302	0
4.79	2.7386499138978815	0
4.95	3.373486285026257	0
5.12	3.605640347187336	0
5.27	4.36806321144104	0
5.36	4.536111859174875	0
5.43	3.717204148952778	0
5.48	4.19225967847384	0
5.52	2.661279944273142	0
5.57	3.4416273924020624	0
5.62	2.2936691687657285	0
5.68	3.4433572108928976	0
5.73	3.179452602679913	0
5.8	3.8908177614212036	0
5.85	3.2224195278607883	0
5.9	3.338808004672711	0
5.97	3.613800452305721	0
6.04	3.663707696474516	0
6.1	3.419696826201219	0
6.17	3.527227410903344	0
6.27	3.8814279666313762	0
6.35	3.461353389116434	0
6.45	3.5083739574138937	0
6.52	2.554513582816491	0
6.62	2.6084173184174757	0
6.69	2.5964806630061226	0
6.78	2.1522476352178135	0
6.85	3.26889849626101	0
6.94	3.1466661049769478	0
7.01	2.8243811543171224	0
7.11	3.3088186383247375	0
7.2	3.0220011564401483	0
7.28	2.761678328880897	0
7.37	3.2461581092614398	0
7.45	2.9058344776813803	0
7.54	3.667431840529809	0
7.61	2.6111921668052673	0
7.7	3.4310656785964966	0
7.79	2.7572702215268063	0
7.87	2.826858277504261	0
7.96	3.682285914054284	0
8.04	2.269264367910532	0
8.14	2.477050767495082	0
8.21	3.083889621954698	0
8.3	2.493745042727544	0
8.37	2.339735283301427	0
8.46	2.309351632228265	0
8.55	2.787635509784405	0
8.65	2.661952559764569	0
8.74	2.332726258497972	0
8.82	0.6233709592085619	0
8.92	2.0243984919327955	0
9	1.224469061081226	0
9.06	1.664572312281682	0
9.14	1.4561657034433806	0
9.22	1.320898188994481	0
9.3	0.8813462349084707	0
9.43	0.7626267121388363	0
9.56	1.0944720873465905	0
9.71	-0.044971154286311224	0
9.83	0.30277353066664475	0
9.92	-0.26275476584067714	0
10	0.9111944757975066	0
10.09	1.3950730287111723	0
10.17	1.487532280958616	0
10.26	1.6861182909745438	0
10.37	1.1062779334875255	0
10.46	0.23785623220297009	0
10.56	-0.37052695567791283	0
10.67	0.26352497247549206	0
10.75	0.48290862486912656	0
10.85	-0.1301154035788316	0
10.93	-0.9907339398677533	0
11.03	-0.5892055997481713	0
11.13	-0.8505680927863488	0
11.22	-0.9975199286754315	0
11.33	-1.3189162428562458	0
11.42	-1.7632260230871348	0
11.52	-2.284258947922633	0
11.61	-1.8104595175156228	0
11.72	-2.3526542461835422	0
11.8	-2.752660742172828	0
11.91	-3.946962173168476	0
12.01	-3.8867160448661218	0
12.1	-3.8785753341821527	0
12.2	-4.08500061585353	0
12.29	-4.302380451789269	0
12.4	-4.336006274590126	0
12.49	-4.1678457993727465	0
12.6	-3.4160677974040694	0
12.71	-3.1903910636901855	0
12.8	-2.300884104692019	0
12.9	-2.7467916562007026	0
12.99	-2.3620683871782746	0
13.08	-3.2112479209899902	0
13.19	-2.445217279287485	0
13.3	-1.652759244808784	0
13.39	-1.5182078801668608	0
13.5	-1.6103192705374498	0
13.61	-1.7305781749578624	0
13.91	-1.2572611295259917	0
14.02	-1.8863905851657574	0
14.12	-1.633502428348248	0
14.23	-1.4079061609048111	0
14.32	-1.2512831046031072	0
14.43	-1.733813125353593	0
14.52	-1.6440499058136575	0
14.64	-1.9763182447506833	0
14.75	-1.4332949198209324	0
14.84	-2.2882275856458225	0
14.95	-1.7961179522367625	0
15.05	-1.4694442886572618	0
15.16	-1.6656757318056548	0
15.25	-1.555383916084583	0
15.36	-2.2084997479732222	0
15.45	-2.272403584076808	0
15.57	-2.5686612037511973	0
15.68	-2.098642037465022	0
15.78	-1.9095128774642944	0
15.89	-1.6751950979232788	0
16	-1.8531384147130527	0
16.1	-1.3567731472162101	0
16.19	-2.4059674831537103	0
16.31	-1.7346215018859277	0
16.4	-2.127720071719243	0
16.52	-2.532413212152628	0
16.63	-2.3248669734367957	0
16.73	-2.280669533289396	0
16.84	-2.35934119958144	0
16.94	-2.8092409097231354	0
17.06	-2.4288054612966685	0
17.16	-2.2697306596315827	0
17.27	-2.1212353156163144	0
17.39	-1.8274269654200628	0
17.49	-1.5832002804829526	0
17.61	-1.7530051561502311	0
17.71	-1.580492280996763	0
17.84	-1.5015658048483043	0
17.94	-1.2904053926467896	0
18.06	-1.321578438465412	0
18.16	-1.5191107529860277	0
18.28	-1.8384760159712572	0
18.39	-1.418201717046591	0
18.51	-2.3924388335301328	0
18.64	-1.894112045948322	0
18.75	-1.8999058237442605	0
18.88	-2.1055708023218007	0
18.98	-1.935406097998986	0
19.11	-2.0274679706646848	0
19.22	-2.2840938889063325	0
19.35	-2.73014627970182	0
19.49	-2.2972047328948975	0
19.6	-2.6298677692046533	0
19.71	-2.4071926337022047	0
19.84	-1.925687835766719	0
19.98	-1.9958445200553308	0
20.09	-2.0442703595528235	0
20.24	-3.1542055881940403	0
20.35	-1.9966425803991465	0
20.5	-2.1878419931118307	0
20.62	-1.8756064543357263	0
20.76	-2.1197244066458483	0
20.9	-3.473243621679453	0
21.02	-2.3854675659766564	0
21.17	-2.3055540369107175	0
21.3	-2.9546857567933893	0
21.44	-2.6081808713766246	0
21.59	-2.8207876132084775	0
21.71	-3.0314185986152062	0
21.86	-2.4904510837334852	0
21.99	-3.0421381501051097	0
22.11	-2.5896529967968283	0
22.27	-2.9433920062505283	0
22.42	-2.9223556472704963	0
22.54	-3.8962131280165453	0
22.69	-3.7476121462308445	0
22.82	-4.001597532859216	0
22.97	-4.057960235155546	0
23.1	-3.5822931619790888	0
23.25	-4.545201659202576	0
23.37	-4.13598528275123	0
23.52	-4.385265662119939	0
23.67	-5.082886356573839	0
23.8	-5.092531580191393	0
23.95	-4.909892128064082	0
24.08	-4.83091964171483	0
24.22	-5.015477492259099	0
24.37	-5.202302015744723	0
24.5	-5.725261798271767	0
24.62	-4.56612907923185	0
24.78	-4.546158176202041	0
24.92	-6.062035010411189	0
25.04	-5.547182926764855	0
25.19	-6.025428634423476	0
25.32	-5.863753740604108	0
25.47	-5.75639729316418	0
25.6	-5.761613570726835	0
25.74	-5.5656860424922066	0
25.89	-5.3931766748428345	0
26.02	-5.699310394433829	0
26.18	-5.907940864562988	0
26.3	-5.950067226703351	0
26.45	-6.261141575299777	0
26.57	-5.780929602109469	0
26.73	-6.1317278788639955	0
26.88	-5.994797394825862	0
27.01	-6.48686225597675	0
27.13	-6.277737021446228	0
27.28	-5.63339325097891	0
27.44	-6.560172392771794	0
27.57	-6.5358096819657545	0
27.72	-6.535030190761273	0
27.85	-6.271430529080905	0
28	-7.018373746138353	0
28.15	-6.037397476343009	0
28.28	-6.872999668121338	0
28.44	-6.8448661840879	0
28.56	-6.88722156561338	0
28.72	-7.178349770032443	0
28.83	-7.153363961439867	0
28.96	-6.246274709701538	0
29.07	-6.1751738878396845	0
29.21	-6.512757127101605	0
29.35	-6.794679577534016	0
29.46	-6.170756908563468	0
29.56	-6.274536939767692	0
29.62	-6.209195439632123	0
29.66	-6.187796363463769	0
29.66	-6.617081027764541	0.09619348180981784
29.65	-5.870670126034663	2.0054516726388383
29.64	-5.6296633298580465	0.9540743216012533
29.63	-5.032223967405466	1.6148351820615623
29.62	-5.380047880686247	3.246927330127129
29.61	-4.567099213600159	2.5422754511237144
29.6	-4.93622151704935	1.7079020119630373
29.59	-5.5832586380151605	1.8745545097268546
29.58	-6.326755010164701	2.7270885184407234
29.57	-5.614348329030551	0.9324403744764053
29.56	-6.9880664348602295	1.4746983349323273
29.55	-6.426422595977783	1.1063258450191755
29.54	-6.533276438713074	1.3754091884654303
29.53	-6.448244635875409	1.5559562166722922
29.52	-6.141194426096403	2.0667598855036955
29.51	-6.495268299029424	2.0420752881238093
29.51	-7.652055942095243	1.746807717359983
29.5	-7.072121913616474	1.5284276782320096
29.49	-6.565637909449064	1.1234836008113165
29.48	-7.7558046120863695	0.11308937620085019
29.49	-7.288218003052932	0
29.52	-8.140053749084473	0
29.58	-8.711897409879246	0
29.66	-7.847763941838192	0
29.7	-9.560140646420994	0
29.7	-9.90650956447308	0
29.68	-10.333104592103226	0.9397002538809409
29.66	-9.970200061798096	7.0520240641557255
29.6	-11.045592564802904	14.592471478077082
29.54	-11.098002928953905	7.858523514408332
29.51	-11.483693031164316	6.455102998476762
29.47	-11.70407405266395	7.393115913638702
29.43	-11.18436180628263	8.216290330657593
29.38	-11.446009232447699	8.25636207484282
29.34	-11.65667983201834	7.861853815042056
29.29	-11.481432547936073	8.866458970766802
29.24	-11.458793878555298	9.634259297297552
29.19	-11.677544116973877	9.199283982698734
29.15	-11.349345720731296	8.046192509623674
29.1	-11.222223868736855	6.997267168301803
29.06	-11.542446613311768	7.69828295478454
29.02	-12.572567554620596	7.975978203690969
28.98	-12.03791251549354	4.8729944343750295
28.97	-13.250837142650898	1.8429276203879943
28.98	-12.128803088114813	0
29.01	-12.7784473162431	0
29.06	-13.054442497400137	0
29.1	-14.319417660052961	0
29.15	-14.169344351841854	0
29.19	-15.518779387840858	0
29.26	-14.487597942352295	0
29.32	-15.00269101216243	0
29.37	-15.329426985520584	0
29.44	-14.592303129342888	0
29.5	-15.23768553367028	0
29.56	-14.44936697299664	0
29.62	-13.877694973578821	0
29.68	-14.411613024198093	0
29.74	-13.965922318972074	0
29.8	-14.239751925835243	0
29.87	-14.214984820439266	0
29.92	-14.317091978513279	0
29.98	-14.458633386171782	0
30.03	-13.467004207464365	0
30.1	-14.155070048112137	0
30.15	-14.829412056849554	0
30.21	-14.870541462531458	0
30.27	-13.953788830683783	0
30.33	-13.916614239032453	0
30.4	-14.383518329033485	0
30.46	-14.282180345975437	0
30.52	-14.136845882122334	0
30.59	-13.006813067656298	0
30.66	-12.510977433278011	0
30.73	-13.174413992808416	0
30.81	-12.973626301838802	0
30.88	-13.113867869743935	0
30.96	-12.8298268868373	0
31.05	-13.146369640643782	0
31.12	-12.644087626383856	0
31.21	-13.954911231994629	0
31.28	-13.193288491322445	0
31.38	-13.485398384240957	0
31.46	-13.322235070742094	0
31.56	-13.201009126809927	0
31.65	-13.028514201824482	0
31.75	-13.646309467462395	0
31.84	-14.297780073606052	0
31.94	-13.819453074381903	0
32.04	-14.462367021120512	0
32.12	-15.295048493605394	0
32.23	-15.865977727449858	0
32.31	-15.8163543847891	0
32.41	-17.088413055126484	0
32.5	-16.75526288839487	0
32.6	-16.359053575075592	0
32.7	-15.144758958082933	0
32.79	-14.706583389869104	0
32.9	-16.51722632921659	0
32.99	-20.319058711712177	0
33.09	-21.985941850222076	0
33.17	-22.857431998619667	0
33.26	-23.09913781973032	0
33.34	-24.73822832107544	0
33.42	-26.29322620538565	0
33.5	-26.93934147174542	0
33.56	-24.37628691013043	0
33.64	-22.669928257281963	0
33.7	-21.432682184072643	0
33.78	-24.889790461613583	0
33.85	-28.303772119375378	0
33.92	-31.72580535595234	0
33.98	-39.51906350942759	0
34.03	-44.43966095264142	0
34.05	-47.56131649017334	0
34.07	-46.401978272658134	0
34.09	-49.67372527489296	0
34.1	-47.06030295445369	1.0768220287102919
34.08	-49.77124214172363	7.601930201053619
34.04	-52.497373360853935	8.708056222933989
34.01	-49.623204011183525	7.028640038692035
33.98	-51.80918290064886	7.3476276489404535
33.96	-53.444765897897575	3.816048113199381
33.95	-50.85394345797025	2.7980330013311825
33.95	-50.67072464869573	0.8309622911306528
33.94	-51.480223582341125	5.584372969774099
33.91	-53.91617774963379	9.334033383772924
33.84	-57.3500787294828	13.629224483783428
33.78	-61.709049665010895	15.718592565793259
33.68	-72.27457633385292	18.285532593727112
33.6	-71.69335732093225	17.34000061567013
33.5	-69.45382338303787	17.797169433190273
33.42	-68.48920528705304	15.584788849720589
33.36	-62.80128479003906	13.781415499173677
33.29	-59.837273817795975	12.82140138057562
33.23	-59.729312016413765	12.617572087507982
33.17	-59.45127340463492	8.734973050080812
33.14	-59.12551953242376	4.571955456183507
33.14	-58.12777739304763	0
33.16	-55.67973430340107	0
33.22	-55.019508141737724	0
33.3	-54.92655680729793	0
33.37	-55.892554796659034	0
33.47	-57.49041190514198	0
33.55	-56.41036473787748	0
33.66	-58.10134154099685	0
33.75	-63.96427081181453	0
33.84	-67.4679785508376	0
33.93	-68.06295688335713	0
33.99	-62.05392397367038	0
34.05	-55.12994582836445	0
34.11	-50.57768748356746	0
34.19	-46.501033489520736	0
34.25	-40.55514885829045	0
34.33	-34.99756226172814	0
34.43	-33.521541815537674	0
34.53	-35.913481345543495	0
34.64	-37.38382706275353	0
34.94	-34.66065370119535	0
35.06	-34.64267547313984	0
35.15	-33.967792070828956	0
35.26	-32.465200424194336	0
35.34	-30.93702793121338	0
35.43	-28.70045515207144	0
35.51	-27.033071884742153	0
35.61	-25.69797057371873	0
35.71	-28.13475828904372	0
35.79	-29.352705662067123	0
35.89	-30.1514823620136	0
35.97	-29.46312684279222	0
36.06	-28.197543437664326	0
36.13	-27.05163442171537	0
36.21	-26.472085806039665	0
36.28	-24.518450590280388	0
36.35	-23.171635040870083	0
36.4	-24.02037180387057	0
36.5	-26.943522416628326	0
36.6	-28.746153391324558	0
36.68	-27.62713248913105	0
36.78	-29.88063372098483	0
36.86	-32.125977736253006	0
36.95	-34.273874209477356	0
37.01	-35.47250967759353	0
37.08	-35.50800396845891	0
37.14	-36.378201704758865	0
37.19	-39.31663513183594	0
37.24	-41.3176389840933	0
37.27	-45.37525177001953	0
37.27	-45.97003533289983	0.4793755824749286
37.29	-48.133965638967666	0
37.32	-48.84653861706074	0
37.33	-51.167010894188515	0
37.33	-53.31865090590257	0
37.33	-56.03399716890775	0.80730690405919
37.32	-56.78286332350511	3.562341332435608
37.31	-57.645263671875	2.9351614071772647
37.3	-59.707814730130714	3.142353135805864
37.29	-60.20336151123047	3.185091568873479
37.27	-60.52707525400015	4.514734882574815
37.24	-59.395298591026894	8.416137443139004
37.21	-62.12322235107422	7.693568811966823
37.17	-64.13552944476788	7.54031071296105
37.12	-66.38676276573769	10.319930911064148
37.07	-67.52943332378682	11.64540382531973
37	-67.77902896587666	12.453941038021675
36.94	-67.54173352168156	13.3713371020097
36.88	-67.76912542489859	13.241083530279306
36.81	-67.98772958608774	12.775604518560263
36.73	-68.59185879047101	13.388606309890747
36.66	-68.53510489830605	13.502747531120594
36.59	-69.41233414870042	13.88964389379208
36.5	-71.23914131751428	14.239594271549812
36.43	-70.00070351820726	14.668763875961304
36.34	-71.83825272780199	17.070579345409687
36.25	-71.79070912874663	17.369611675922688
36.15	-71.56302672166092	18.042137554058662
36.06	-72.54737267127405	17.34011079256351
35.95	-70.26990156907303	18.462484845748314
35.84	-71.6741444514348	18.883454432854286
35.74	-70.13219613295335	19.142547639516685
35.65	-70.50756674546463	18.248374416277958
35.54	-71.58215376046988	16.97661477785844
35.43	-69.87453240614671	15.953347900739082
35.35	-71.24780361468976	15.383895566830269
35.25	-70.05662551293007	14.570779892114492
35.18	-69.30749526390663	12.336534296090786
35.12	-70.22966018089882	7.878665992846856
35.07	-68.0531985943134	7.370905578136444
35.04	-68.1874575981727	1.92562175484804
35.02	-68.22807532090407	2.3100748428931603
35	-67.84455079298753	1.4091298213371863
34.99	-68.59916100135217	0
34.99	-68.75560393700233	0
34.98	-68.6994244502141	0
34.98	-69.59782086885893	0
34.99	-68.94344769991362	0
34.99	-68.5566153893104	0
35	-68.99280694814829	0
35.01	-67.8634863633376	0
35.03	-68.13292209918683	0
35.05	-67.29973059434157	0
35.06	-66.76750109745906	0
35.09	-66.80804619422327	0
35.11	-66.59094076890212	0
35.13	-64.60838391230656	0
35.16	-65.19569690410908	0
35.2	-64.21714782714844	0
35.23	-63.78569676325872	0
35.27	-65.03267801724948	0
35.31	-64.30952805739183	0
35.35	-63.560536457942085	0
35.39	-63.5408746279203	0
35.43	-61.88660034766564	0
35.49	-59.87169852623573	0
35.54	-57.975665605985206	0
35.59	-55.13836713937613	0
35.66	-52.69090505746695	0
35.72	-50.88269013624925	0
35.8	-48.44802012810341	0
35.86	-45.4962367277879	0
35.95	-43.87968833629902	0
36.02	-40.80702561598558	0
36.11	-35.882417238675636	0
36.18	-33.580497594980095	0
36.28	-28.789263505202076	0
36.37	-23.32723122376662	0
36.44	-19.90923863190871	0
36.53	-15.351701699770414	0
36.61	-11.481505173903246	0
36.7	-7.554004284051749	0
36.77	-4.055963846353384	0
36.85	-0.7398487742130574	0
36.92	1.4054856735926409	0
37.01	3.713528284659753	0
37.07	4.929662071741545	0
37.16	6.247228338168218	0
37.24	7.852972379097572	0
37.31	7.9533670498774605	0
37.39	8.950265737680288	0
37.46	9.671804721538837	0
37.55	9.247841559923613	0
37.62	9.13475385079017	0
37.7	9.267745201404278	0
37.77	8.374259288494404	0
37.85	7.380942381345309	0
37.93	5.6563430566054125	0
37.99	3.237734941335825	0
38.06	-0.19813973170060378	0
38.12	-2.280480953363272	0
38.19	-5.412130814332229	0
38.25	-9.414766568403978	0
38.29	-12.605027235471287	0
38.34	-15.444324566767767	0
38.37	-18.26780264194195	0
38.4	-21.694901539729194	0
38.42	-24.156801333794228	0
38.45	-27.27168945165781	0
38.46	-29.835374538715072	0
38.47	-32.42775513575627	0
38.48	-34.7482835329496	0
38.49	-37.43198468134953	0
38.49	-40.38521399864784	1.5533503546164587
38.48	-42.56997475257287	2.9920963369883022
38.47	-44.373356745793274	3.150887764417208
38.45	-46.86504143934984	4.329517323237199
38.42	-49.223127365112305	6.643991080614237
38.38	-51.11197691697341	10.003033601320707
38.32	-53.503285921536964	10.936156396682446
38.27	-54.73618434025691	13.078527725659884
38.19	-56.52411020719089	13.334815502166748
38.12	-58.08356798612155	14.680711947954618
38.05	-59.11978208101713	15.215988021630508
37.96	-60.137965128971985	16.22983171389653
37.88	-61.41386472261869	17.22999102794207
37.78	-62.40061393150917	17.4331429371467
37.69	-62.877469429602996	18.84138522239832
37.58	-63.65326661330003	19.623877841692703
37.48	-64.17820710402269	19.965624121519237
37.39	-64.70347771277795	18.629194727310768
37.28	-65.04967249356784	17.71424703873121
37.18	-66.27346625694862	19.30012916143124
37.07	-66.48336850679839	18.680457587425526
36.98	-66.67638191810022	17.894784120412975
36.87	-67.6864374600924	17.40893054466981
36.79	-67.8479972252479	14.975837079378275
36.7	-68.16012382507324	14.629555184107561
36.62	-67.08091515761156	11.755072680803446
36.55	-67.482695212731	10.79112687936196
36.5	-66.89626033489522	7.63371419448119
36.46	-66.43411489633414	3.4199478993049035
36.44	-66.57241454491249	0.7783140585972713
36.43	-66.62337816678561	0
36.44	-65.64647307762733	0
36.45	-66.24959212083083	0
36.46	-66.52106798612155	0
36.48	-67.3973795083853	0
36.5	-66.41877761253944	0
36.52	-65.83084399883565	0
36.55	-64.6857239649846	0
36.58	-64.99280636127179	0
36.61	-63.00392444317158	0
36.64	-60.929832458496094	0
36.68	-58.81709025456355	0
36.72	-56.906736814058746	0
36.76	-54.80044511648325	0
36.81	-52.0079700763409	0
36.85	-49.45442786583534	0
36.91	-47.764692306518555	0
36.97	-45.791976268474876	0
37.02	-43.933830994826096	0
37.08	-42.253728279700645	0
37.14	-41.46199299738957	0
37.21	-39.97799359835111	0
37.27	-37.756810921889084	0
37.34	-35.85465761331412	0
37.42	-33.327521544236404	0
37.48	-31.09484415787917	0
37.55	-27.666284487797665	0
37.61	-24.435716408949634	0
37.69	-20.91155950839703	0
37.75	-17.42610894716703	0
37.82	-13.930007127615122	0
37.89	-10.86549502152663	0
37.96	-7.277033604108371	0
38.03	-4.4815990558037395	0
38.1	-1.6031410602422862	0
38.17	-0.49398862398587745	0
38.23	0.4364271805836604	0
38.31	1.3548233875861535	0
38.37	1.5724982665135312	0
38.44	0.28348514666924113	0
38.51	-0.5134325761061449	0
38.58	-3.5044298722193794	0
38.65	-6.0362874544583836	0
38.71	-8.892112145057093	0
38.78	-11.973516390873836	0
38.84	-14.924991130828857	0
38.9	-18.930184474358192	0
38.95	-21.52203523195707	0
39	-24.784984588623047	0
39.04	-27.987334178044247	0
39.07	-31.287028972919174	0
39.1	-34.49625492095947	0
39.12	-37.44266069852389	0
39.13	-40.68020087022048	0
39.14	-43.0203415797307	0.8930816558691171
39.13	-46.313909383920524	2.8174333159740157
39.12	-47.804821454561676	3.6398079303594737
39.1	-50.87972567631648	5.814665120381576
39.07	-52.1565264921922	6.150019100079169
39.04	-53.57296723585863	7.03287062736658
39.01	-54.9939933189979	6.6372233629226685
38.98	-56.258107698880714	6.564065905717703
38.94	-57.75908836951623	6.921485868784098
38.91	-59.260742480938255	7.512925634017358
38.87	-60.03888350266677	7.641695898312789
38.84	-60.04811360285833	6.555529236793518
38.8	-61.45660180311937	7.157099155279306
38.77	-61.78473252516527	6.709703436264625
38.73	-61.94494540874775	6.995765498051277
38.68	-63.048496979933525	8.57703447341919
38.64	-63.40549982511081	7.811566224465004
38.59	-63.31665185781626	8.193410772543688
38.55	-65.74185077960675	8.703890924270336
38.5	-65.04217221186711	8.426398176413317
38.45	-65.67477739774264	8.843884949500744
38.4	-66.67744489816519	9.353534693901356
38.34	-66.68652314406175	9.81917285002195
38.29	-65.94555341280424	8.694944152465233
38.23	-67.08521329439604	7.855177911428305
38.19	-66.21368188124437	8.099905275381529
38.14	-66.39970339261569	5.813667407402625
38.11	-65.93118667602539	4.1112446555724516
38.08	-65.77874477093037	2.2843975057968726
38.07	-66.6667886880728	0.851877538057474
38.05	-65.69655858553374	0
38.04	-65.75574214641865	0
38.04	-67.4321409372183	0
38.03	-67.61525080754207	0
38.02	-67.2384210733267	0
38.02	-67.85884490379921	0
38.01	-68.39899723346417	0
38.01	-67.92206250704253	0
38	-68.76006713280312	0
38	-68.61144799452562	0
37.99	-67.67446738023024	0
37.99	-68.16438895005446	0
37.99	-66.99933638939491	0
38	-66.90259199876051	0
38.01	-66.30365224984976	0
38.02	-65.5838364821214	0
38.04	-65.43740932758038	0
38.06	-65.63399461599496	0
38.09	-63.90599177433894	0
38.12	-64.97064883892354	0
38.14	-65.0566842005803	0
38.17	-64.09758567810059	0
38.21	-64.19734734755296	0
38.26	-63.52664654071515	0
38.3	-62.18910070566031	0
38.36	-62.34774222740761	0
38.41	-62.07235776461088	0
38.47	-60.72985355670636	0
38.52	-60.521278381347656	0
38.71	-57.779509471013	0
38.78	-57.61351291949933	0
38.84	-56.529220434335564	0
38.9	-56.74717096182017	0
38.95	-55.24261181171124	0
39	-54.737237416780914	0
39.05	-53.085594177246094	0
39.11	-53.099828866811905	0
39.16	-51.61244575793927	0
39.21	-51.274081376882705	0
39.26	-50.372519126305214	0
39.31	-49.72594334528997	0
39.37	-49.63793387779823	0
39.41	-49.00655342982366	0
39.47	-48.72739901909462	0
39.52	-47.789444556603065	0
39.57	-48.17928094130296	0
39.62	-47.473620634812576	0
39.67	-47.99843237950252	0
39.72	-48.0527400970459	0
39.76	-47.65197350428655	0
39.8	-47.68430856557993	0
39.82	-48.06504689730131	0
39.85	-48.01307971660908	0
39.87	-48.84793171515832	0
39.89	-48.50658636826736	0
39.89	-49.157245709345894	0
39.89	-49.723183558537414	3.077106991639504
39.86	-50.72614816518931	5.670552723682844
39.82	-51.38308305006761	8.026266304346231
39.76	-52.64654379624587	10.648730385761995
39.71	-53.44374913435716	13.13530147075653
39.63	-53.9879454099215	13.522146825607006
39.56	-54.51261850503775	14.379948411996548
39.48	-55.883767054631164	14.981896808514229
39.39	-57.262947375957786	15.58390641441712
39.3	-57.9872857607328	18.022650526120113
39.19	-59.8468802525447	19.62491228030278
39.09	-60.1267147064209	20.10680764913559
38.97	-60.99258789649377	20.785136176989628
38.85	-62.1317063845121	21.73486099793361
38.75	-64.33405582721417	21.58747287896963
38.65	-63.872471589308525	21.725789767045242
38.52	-64.04843110304613	21.08952228839581
38.4	-64.74406242370605	21.344914367565742
38.29	-65.33603007976826	22.325027607954464
38.16	-65.59039262624887	21.75410114801847
38.05	-65.95164739168608	21.855455728677605
37.92	-66.94380393395058	21.087288145835583
37.82	-67.39055926983174	21.6528608248784
37.68	-68.11923540555514	22.95819789171219
37.58	-67.81711138211764	21.212014510081364
37.45	-68.01961898803711	19.91815420297476
37.32	-68.93525417034444	22.137957444557777
37.21	-69.18615047748273	21.021528862989864
37.08	-67.86235735966609	20.64602968784479
36.99	-68.44840930058406	17.6255281154926
36.87	-69.67586077176608	15.94692397576112
36.78	-70.92019447913538	15.419692855614883
36.69	-68.15122384291429	13.3289985702588
36.62	-68.00156813401442	11.885499679125273
36.54	-68.50849078251765	10.413809785476097
36.48	-69.65547268207257	7.643497494550852
36.44	-68.16326654874362	5.156384706497192
36.41	-66.63420603825496	0.14416442467616156
36.39	-66.29073143005371	0
36.4	-67.27356543907753	0
36.41	-66.95172016437238	0
36.43	-66.776275634765625	0
36.45	-65.75479800884541	0
36.47	-66.44712814917932	0
36.51	-66.08545743502104	0
36.55	-66.17189554067758	0
36.6	-64.911894431481	0
36.65	-60.451412200927734	0
36.71	-60.79464912414551	0
36.78	-59.312927539532005	0
36.86	-60.32296987680289	0
36.93	-59.467290731576774	0
37	-58.926101831289444	0
37.07	-58.843585527860206	0
37.16	-58.01816500150241	0
37.25	-59.25791667057918	0
37.32	-58.51804293118991	0
37.4	-54.40318767841046	0
37.47	-49.906801810631386	0
37.56	-46.78929255558894	0
37.66	-45.87967542501597	0
37.74	-45.223219211284935	0
37.84	-44.740401781522316	0
37.93	-48.35631663982685	0
38.04	-50.84765470944918	0
38.13	-51.78683060866136	0
38.18	-66.40864959129921	0
38.18	-54.66925621032715	0.6372835544439462
38.15	-35.67738092862643	9.040258939449604
38.17	-16.48267122415396	0
38.24	-18.56266241807204	0
38.34	-28.67426028618446	0
38.41	-30.02620256864108	0
38.52	-27.745430286114033	0
38.59	-57.80101996201736	0
38.64	-44.22081910646879	0
38.76	-41.397745425884544	0
39.03	-52.36208108755259	0
39.16	-24.351070844210113	0
39.22	-21.11423712510329	0
39.37	-37.13697800269494	0
39.66	-48.63122573265663	0
39.75	-40.92205194326548	0
39.85	-47.335528960594765	0
39.9	-43.37463085467999	0
39.96	-36.51550769805908	0
40.09	-34.09874659318191	0
40.19	-31.79296786968525	0
40.28	-33.66595525007982	0
40.35	-37.01603596027081	0
40.41	-35.19739921276386	0
40.48	-31.05827698340783	0
40.54	-28.09859055739183	0
40.62	-27.99195583050068	0
40.71	-29.972518774179314	0
40.8	-31.41918182373047	0
40.9	-33.24815786801852	0
40.98	-34.53697828146128	0
41.09	-35.03649308131291	0
41.19	-35.364343203031105	0
41.31	-36.859774589538574	0
41.41	-37.851617519672104	0
41.52	-37.92715512789213	0
41.61	-37.5094171670767	0
41.71	-36.03327457721417	0
41.78	-34.638473070584816	0
41.87	-32.92422294616699	0
41.96	-31.539612183204067	0
42.03	-30.433987470773552	0
42.11	-30.053232633150543	0
42.18	-29.80124033414401	0
42.26	-29.561502016507664	0
42.33	-29.76982300098126	0
42.42	-29.86054273752066	0
42.51	-30.07228704599234	0
42.58	-29.901233086219204	0
42.65	-29.770545959472656	0
42.74	-29.593018385080192	0
42.83	-29.512080045846794	0
42.9	-29.364309310913086	0
42.99	-29.192826197697567	0
43.06	-29.401975778432995	0
43.15	-28.973129345820503	0
43.22	-29.045808131878193	0
43.31	-28.8311950977032	0
43.39	-28.727254133958084	0
43.47	-28.866692689748913	0
43.55	-28.47910440885104	0
43.63	-28.808317918043873	0
43.71	-28.75677328843337	0
43.78	-28.679380416870117	0
43.87	-28.569880265455982	0
43.94	-28.818287482628456	0
44.03	-28.763534105741062	0
44.11	-28.59295551593487	0
44.18	-28.587657121511608	0
44.27	-28.702310415414665	0
44.34	-28.077420087961052	0
44.43	-28.053172918466423	0
44.5	-27.517974009880653	0
44.58	-26.587092326237606	0
44.65	-26.09479885834914	0
44.73	-25.205023472125713	0
44.79	-24.549546058361347	0
44.84	-23.555572216327374	0
44.9	-22.129493676699127	0
44.95	-21.430879739614635	0
45.01	-20.396185838259186	0
45.05	-19.73969661272489	0
45.1	-18.934872150421143	0
45.13	-18.33037981620202	0
45.11	-17.78215940182026	3.3551541945109
45.1	-16.983955456660343	2.997578147512216
45.09	-16.31074410218459	1.6512361484078262
45.07	-15.002552362588737	2.553920281621126
45.06	-14.034289763523983	2.991148866713047
45.05	-13.27130858714764	1.5981558796304922
45.03	-12.133474258276133	2.725094367678349
45.02	-10.777259423182562	2.94115202071575
45.01	-9.68561025766226	2.403412779363302
45	-8.882942291406485	2.0297557516739917
44.98	-8.238142545406635	2.126537481179604
44.97	-7.9690270240490255	2.539240230734532
44.89	-7.4698184086726265	20.00809323329192
44.78	-7.203548504756047	23.656956072037037
44.65	-6.923038959503174	23.404177633615642
44.52	-6.687690386405358	22.280503901151512
44.41	-6.162923207649818	22.143054146033066
44.28	-5.908275521718539	22.327318879274223
44.18	-5.690904351381156	21.64182681303758
44.07	-5.228365247066205	23.05266845684785
43.94	-5.208142629036537	21.71773869257707
43.84	-4.750527647825388	22.092482951971203
43.71	-4.548324575790993	22.1613027040775
43.58	-4.152715251995967	22.253722754808575
43.48	-4.484454989433289	21.700628629097572
43.36	-4.599919135753925	20.67451245509661
43.26	-4.598831809484042	20.614867989833538
43.14	-5.167944981501653	21.162569568707394
43.01	-5.749630286143376	22.5593085701649
42.89	-5.979185287769025	25.503541208230534
42.73	-6.5903521959598255	27.04448544062101
42.63	-7.100753875879142	17.82324871191612
42.53	-7.154451700357291	18.901274525202236
42.42	-7.2124460110297575	24.043287268051735
42.26	-7.016526735745944	30.368240750752964
42.13	-7.913622489342323	15.472991947944347
42.07	-8.045371770858765	12.55951804610399
42.04	-7.915230164161096	2.7521950780199123
41.99	-7.946301698684692	14.672320141242102
41.87	-7.932498638446515	24.892777640085953
41.74	-8.256618426396297	30.542038679122925
41.58	-8.548163817479061	23.358021676540375
41.5	-9.235277267602774	12.868075577112345
41.46	-9.201847039736235	4.042677392180149
41.45	-9.238551213191107	0
41.46	-9.28609398695139	0
41.47	-9.604098338347216	0
41.49	-9.777406178987944	0
41.5	-9.788890160047092	0
41.51	-9.766537868059599	0
41.52	-9.426454397348257	0.8442639831740123
41.5	-8.952444516695463	6.3252151528230085
41.44	-8.722938207479624	13.137982441828802
41.35	-8.31035669033344	20.308427283397087
41.22	-7.7292070021996135	25.795444685679215
41.08	-7.213371166816125	29.38170256522986
40.91	-6.6843640345793505	29.790936272877914
40.74	-6.336290056888874	29.34900655196263
40.6	-5.983115342947153	30.18893397771395
40.43	-3.3390989211889415	29.784144071432262
40.29	-2.3756995797157288	25.48749618805372
40.15	-3.536313497103178	23.110166513002834
40.01	-4.738954122249897	34.46560923869793
39.8	-4.101142975000235	36.44531662647541
39.58	-3.0480466439173775	38.954848372019256
39.42	-3.050961998792795	33.0799674987793
39.23	-3.6847424048643846	30.8688845542761
39.1	-3.208086628180284	24.37560322192999
39.05	0.6782350803797061	3.975350894033909
39.03	1.7223744323620431	2.6581675158097196
39.02	2.13142440869258	2.3559224576904225
38.99	2.884178734742678	5.910301214227309
38.97	1.487208352639125	1.8123549351898525
38.96	2.056924609037546	2.304331362247467
38.96	2.591816095205454	0
38.96	3.015881387087015	0
38.97	3.7326652270097003	0
38.97	4.22851901787978	0
38.97	4.99664632173685	0
38.97	5.603099969717173	0
38.97	6.547963389983544	0.6134176325912659
38.96	7.612626644281241	1.1396074280715907
38.95	8.992224564919105	2.1640119071190176
38.94	9.720140603872446	2.6544477704625864
38.93	10.430431641065159	3.3705442742659497
38.91	10.469372364190908	3.4134744967405615
38.9	10.842687166654148	3.6104197742847295
38.89	10.946590166825516	1.80163806447616
38.87	11.412593859892626	1.981387585401535
38.86	11.911672078646147	1.6010342509700701
38.85	12.059059876662035	1.3221061430298364
38.84	12.08020146076496	1.3035148124282177
38.84	12.002587410119864	0
38.87	11.85210393025325	0
38.91	11.497129660386307	0
38.98	10.674929435436542	0
39.01	10.19942329480098	0
39.02	9.25538393167349	0.18568096539148918
39.02	8.140930212461031	0
39.02	6.269434552926284	0
39.03	4.602407813072205	0
39.04	3.0448411978208103	0
39.06	1.563613139666044	0
39.09	0.41626666600887596	0
39.11	-0.5723928946715136	0
39.15	-1.0948053002357483	0
39.2	-1.3902231821647058	0
39.23	-1.776745181817275	0
39.27	-2.601523628601661	0
39.42	-8.302298509157621	0
39.46	-10.288150769013626	0
39.49	-11.88699327982389	0
39.53	-15.272633479191708	0
39.54	-23.193221459021938	0
39.53	-22.888296384077808	0
39.55	-17.116001019111046	0
39.58	-14.754815285022444	0
39.63	-14.778438531435453	0
39.69	-14.951677872584417	0
39.77	-13.842620757909922	0
39.83	-13.347328167695267	0
39.92	-20.00886660355788	0
39.96	-24.95173215866089	2.5767019047186923
39.95	-23.087699229900654	0
40.02	-21.254167556762695	0
40.09	-20.297610943134014	0
40.18	-19.9083555661715	0
40.24	-19.852636594038746	0
40.28	-19.185040547297554	0
40.31	-18.430174497457653	0
40.35	-17.73273412997906	0
40.4	-17.288316029768726	0
40.46	-16.83596519323496	0
40.52	-16.10366601210374	0
40.58	-15.64430016737718	0
40.64	-14.9704071191641	0
40.7	-14.485331682058481	0
40.76	-13.895707864027758	0
40.82	-13.341948894354013	0
40.88	-12.706626011775091	0
40.94	-12.26382796580975	0
41	-11.304085713166458	0
41.07	-10.776603313592764	0
41.13	-9.803516039481531	0
41.2	-9.006037528698261	0
41.25	-8.019836315741907	0
41.32	-6.659391018060538	0
41.38	-5.473623138207656	0
41.46	-4.351988939138559	0
41.52	-3.561030259499183	0
41.6	-2.500986594420213	0
41.66	-1.4814534668739026	0
41.74	-0.366366901076757	0
41.82	0.7211931852193979	0
41.88	1.6394627094268799	0
41.95	3.366549060894893	0
42.01	4.04801212824308	0
42.07	4.889925764157222	0
42.13	5.751790083371676	0
42.19	6.5838344280536365	0
42.26	7.6692947057577285	0
42.32	8.553584355574388	0
42.38	9.924453955430252	0
42.44	11.923409425295317	0
42.51	13.498262258676382	0
42.57	14.70537515786978	0
42.64	16.270352510305553	0
42.69	17.786155480604908	0
42.76	19.42333955031175	0
42.81	20.800903943868786	0
42.88	22.619014153113735	0
42.94	24.02579399255606	0
42.99	25.33781675192026	0
43.05	26.46752192423894	0
43.09	27.40092736024123	0
43.15	28.731644703791694	0
43.19	29.629512933584362	0
43.25	30.485419860252968	0
43.29	31.555560185359077	0
43.34	32.30023714212271	0
43.38	33.06771535139818	0
43.42	33.90145815335787	0
43.46	34.647303727956924	0
43.49	35.15446736262395	0
43.53	35.82436928382287	0
43.57	36.55806321364183	0
43.6	36.89492885883038	0
43.62	37.52244032346285	0
43.66	37.70356288323036	0
43.7	38.308316010695236	0
43.73	38.40952689831074	0
43.77	38.7485251059899	0
43.81	39.06676549177904	0
43.86	39.250951546889084	0
43.91	39.66957092285156	0
43.96	40.15369562002329	0
44	39.95290462787335	0
44.06	40.13303353236272	0
44.11	40.84800976973314	0
44.16	41.20808931497427	0
44.21	41.405140069814834	0
44.25	41.81537774892954	0
44.3	42.10651544424204	0
44.34	42.07637566786546	0
44.39	42.59061373197115	0
44.43	42.54458867586576	0
44.46	42.52679861508883	0
44.5	42.79675593742958	0
44.53	42.26256223825308	0
44.57	42.77508698976957	0
44.6	42.33204548175519	0
44.64	41.27952025486873	0
44.67	41.47909311147837	0
44.7	41.98186947749211	0
44.72	42.27783349844126	0
44.74	42.54944471212534	0
44.76	43.007863118098335	0
44.77	43.40302760784443	0
44.79	42.521827037517845	0
44.81	42.337370285621056	0
44.82	42.29964109567496	0
44.84	42.5436676465548	0
44.85	43.11937368833102	0
44.87	43.68881078866812	0
44.88	43.33080768585205	0
44.9	44.1841066800631	0
44.91	44.56401311434232	0
44.93	44.57200857309195	0
44.94	44.437805689298195	0
44.95	44.888796439537636	0
44.97	44.51034252460187	0
44.98	44.70994179065411	0
44.99	45.041726919320915	0
45	44.71072417039138	0
45.01	45.232601165771484	0
45.02	45.294339840228744	0
45.03	44.86744440518893	0
45.04	45.066439555241516	0
45.05	44.71680494455191	0
45.06	44.69207910391001	0
45.08	44.50227443988507	0
45.11	44.30313403789814	0
45.13	45.03847195551946	0
45.15	45.69414909069355	0
45.18	45.12808909782997	0
45.2	44.79209496424749	0
45.23	44.92440297053411	0
45.26	44.50055452493521	0
45.28	44.5844606252817	0
45.31	44.242653113145096	0
45.34	44.17253274184007	0
45.37	44.56147120549129	0
45.4	44.17467190669133	0
45.43	44.244590905996475	0
45.46	44.40476417541504	0
45.49	44.47368951944205	0
45.54	36.21959979717548	0
45.58	40.726879560030426	0
45.62	49.115660740779	0
45.66	40.56623422182523	0
45.71	35.47337458683894	0
45.77	43.06240191826454	0
45.81	46.79634387676533	0
45.86	47.08381065955529	0
45.88	49.85211115617019	0
45.92	58.14472565284142	0
45.93	60.604659594022316	0
45.91	58.629028613750755	5.603682490495535
45.87	45.65093994140625	3.351397468493535
45.86	47.395732586200424	0.04433599802163931
45.85	53.28134096585787	2.37631972019489
45.84	54.4016955449031	0.7656498367969806
45.86	55.20878131573017	0
45.89	57.66129420353816	0
45.93	63.69041149432843	0
45.94	66.8970592205341	0
45.9	46.088425562931945	6.720372232107016
45.87	54.95258331298828	5.751525599222917
45.82	71.93625816932092	1.405955094557542
45.83	92.81736593980057	0
45.78	92.27048580463116	9.73727469260876
45.71	81.40236634474535	8.430997041555552
45.67	73.10014211214506	4.446812868118286
45.63	65.75947248018706	3.9834292576863217
45.6	63.863987555870644	2.4035497353627133
45.59	63.631135500394386	0
45.57	61.62252572866587	1.426027692281283
45.55	59.407182840200576	2.7499173237727237
45.52	56.788303668682396	3.356598225923685
45.5	59.91649554325984	3.854746726843027
45.45	66.52330618638258	7.382953625458938
45.4	67.62666628910945	8.941807723962343
45.32	68.03384047288161	11.146069902640123
45.26	68.73227779681866	12.39129119194471
45.17	69.59721345167894	12.389061130010164
45.09	65.41749000549316	11.078825272046602
45.03	63.972226656400245	10.935291304038122
44.95	68.26172755314754	10.540860066047081
44.89	69.58512452932504	9.687274786142202
44.82	70.00949786259578	9.197877186995287
44.76	69.4145261324369	10.155526583011333
44.68	70.53070141718938	10.66940793624291
44.62	69.77488957918608	8.090968705140627
44.56	68.8833133990948	7.118312808183523
44.51	69.07372548029973	5.648987637116359
44.47	69.60279244642992	3.3189014058846693
44.44	68.31258553725023	1.6582112128917987
44.42	68.49412404573881	0
44.41	68.65948016826924	0
44.4	69.35583774860089	0
44.4	69.19775082514836	0
44.4	69.43828802842361	0
44.4	70.66966790419359	0
44.4	69.65732134305514	0
44.4	71.19973182678223	0
44.4	70.50004665668195	0
44.4	69.81215990506686	0
44.4	71.36541806734526	0
44.4	70.28445977431078	0
44.39	69.25511213449332	0
44.39	72.63324297391452	0
44.38	71.53406216548039	0
44.37	71.33204313424918	0
44.35	74.39624492938702	1.1488777169814477
44.32	71.24775079580454	2.4989874087847195
44.29	72.84022037799542	2.4076915704287014
44.26	71.43911361694336	4.007416195594348
44.22	69.97202946589543	3.6999645141454844
44.2	73.28671822181116	0.7400938983146961
44.17	71.29893229557918	2.4702587838356314
44.15	73.32377727215108	1.3113621106514564
44.12	72.25910700284518	1.5113596962048457
44.1	71.10695545489972	1.8582812295510218
44.08	73.19507745596079	0.40248843339773327
44.07	71.33671760559082	0.9219184173987462
44.05	72.1971108363225	0
44.03	73.12406246478741	0.7996241060587076
44.01	72.11330047020546	0
44	72.6675950563871	0.48532819518676174
43.98	72.24575702960675	1.3202293102557843
43.96	72.514737202571	0.5639021729047482
43.94	72.5386905670166	1.9950854806945875
43.92	71.81137451758752	2.610905199096753
43.88	70.88518216059758	2.499550790167772
43.85	71.50711793165941	4.783380323877702
43.81	72.01355860783504	5.109979321177189
43.76	71.08608539287862	7.6400493658505955
43.7	71.01587588970479	8.295965567231178
43.63	71.54333848219652	10.80552230660732
43.55	70.9731123997615	12.369089527772024
43.47	70.8826336493859	15.319434943107458
43.36	71.24380918649527	16.02767343704517
43.27	70.78071961036096	17.814891590521885
43.14	70.41118548466609	20.323139979289127
43.04	70.84603016193097	19.669170746436485
42.91	70.5654760507437	20.75234630933175
42.8	70.6974638425387	19.61534117276852
42.67	70.42893923245944	20.682459473609924
42.56	70.4236573439378	20.46798586845398
42.43	71.05052507840671	19.837276201981766
42.32	70.83656237675594	18.65132396037762
42.2	70.6952586540809	17.61012171323483
42.09	69.92953007037823	15.581200959590765
42.01	70.91411370497484	15.120464655069204
41.9	70.40418038001428	13.763193465196169
41.82	70.47027661250188	13.813381080444042
41.73	70.7591959146353	13.810608295293955
41.65	70.96497168907753	12.48512517947417
41.56	72.21330642700195	11.631721487412086
41.47	71.03333253126878	11.783579931809353
41.4	72.04143377450796	11.55308987085636
41.32	71.11151768611028	11.702536665476286
41.24	72.17308484590971	11.980619063744179
41.15	70.69939833420975	12.479904018915617
41.08	71.21005131648137	12.658198796785795
40.98	71.35598329397348	13.561900280989134
40.89	71.02144828209511	12.648641971441416
40.81	70.53350081810585	12.56981448485301
40.74	70.66845306983362	10.343249646516947
40.65	70.28986050532414	10.904798828638517
40.59	70.08831024169922	7.127128999966842
40.54	70.83863551800069	5.164439861591045
40.48	70.31065133901743	6.328128209480872
40.44	70.91844485356258	4.75106635918984
40.39	69.69657237713155	4.205507108798394
40.36	70.47646302443285	3.5157589499767012
40.32	70.09035697350136	2.1831837067237267
40.3	70.2651148576003	0.5833540054468008
40.28	69.92607703575722	0.020427612157968376
40.26	71.06354493361253	0
40.25	70.49494963425857	0
40.24	70.28639426598183	0
40.24	71.20927223792444	0
40.24	71.00084231450008	0
40.23	70.83927594698393	0
40.23	70.89105165921725	0
40.24	69.05558219322792	0
40.24	68.39174784146823	0
40.24	68.18317926847018	0
40.24	68.05220163785495	0
40.24	67.1733283996582	0
40.24	67.5694832435021	0
40.24	67.5689748617319	0
40.23	67.93902397155762	0
40.23	67.27575742281401	0
40.22	67.58737564086914	0
40.22	67.18447318443886	0
40.21	67.42849643413838	0
40.21	66.86106315025917	0
40.21	66.86281937819261	0
40.2	66.6032937856821	0
40.2	66.85700930081882	0
40.2	67.80394627497746	0
40.2	67.08662619957558	0
40.2	67.60198006263147	0
40.2	66.71765327453613	0
40.2	66.74860514127292	0
40.2	66.9500365624061	0
40.21	66.80984203632062	0
40.22	66.50170986468976	0
40.23	66.2708253126878	0
40.24	67.13543084951547	0
40.25	66.26976233262282	0
40.27	66.52701011070839	0
40.29	65.9919944176307	0
40.31	65.99158507127028	0
40.33	64.9936580657959	0
40.36	64.80865992032565	0
40.38	64.59274952228253	0
40.41	63.87156706589919	0
40.44	62.966178747323845	0
40.47	61.928743215707634	0
40.51	60.66232461195726	0
40.55	60.30474736140325	0
40.59	59.17219161987305	0
40.62	59.15767302879921	0
40.67	58.24993426983173	0
40.71	57.766819733839775	0
40.76	57.9444694519043	0
40.8	57.680546687199524	0
40.84	57.426652908325195	0
40.89	56.42308088449332	0
40.93	55.9504641019381	0
40.99	54.905062822195205	0
41.04	53.36033821105957	0
41.09	51.95819487938515	0
41.13	50.02823903010442	0
41.19	47.28650643275335	0
41.26	44.46894242213323	0
41.31	41.91109217130221	0
41.38	38.45942754011888	0
41.44	35.229219289926384	0
41.52	30.917184536273666	0
41.58	27.683556263263412	0
41.65	22.14883694281945	0
41.73	17.57717095888578	0
41.79	14.037959025456356	0
41.88	9.498775830635658	0
41.93	7.393725376862746	0
42	3.7506335515242357	0
42.06	1.7137320454304037	0
42.13	0.07505563589242789	0
42.21	-1.2874033817878137	0
42.27	-1.6166218427511363	0
42.33	-0.9587436455946703	0
42.4	0.24149454556978667	0
42.47	2.1110127980892477	0
42.53	4.411889268801763	0
42.6	6.455165973076454	0
42.66	9.371993174919716	0
42.72	11.684706027691181	0
42.77	14.833081318781927	0
42.84	17.609869150015026	0
42.9	21.60356778364915	0
42.95	25.05182724732619	0
43	28.017506966224087	0
43.05	31.85254427102896	0
43.09	35.80672117379996	0
43.13	37.93905258178711	0
43.17	41.06352072495681	0
43.21	44.83292726370005	0
43.24	46.11415496239296	0
43.27	48.97958608774039	0
43.29	51.44062922551082	0
43.31	52.53751901479868	0
43.33	54.5031606234037	0
43.34	56.90910706153283	0
43.35	57.66293158897987	0
43.36	58.73997468214769	0
43.36	60.77900152940017	0
43.35	61.01743918198806	1.3129800787338843
43.35	62.464392735407905	1.867375924037053
43.33	64.18513958270734	3.111138389660762
43.31	63.601702176607574	2.8145115879865794
43.3	64.82570061316858	2.725645762223464
43.27	66.17361215444711	2.798080948682932
43.25	65.73649626511794	3.775355093754255
43.23	67.47677289522612	1.8179911718918726
43.21	68.05697514460637	3.0342951073096347
43.18	67.16980273907002	2.7081439586786122
43.15	69.2988263643705	2.690037202376586
43.13	69.12739607004019	2.678265617443965
43.1	68.85582116933969	2.7781899388019857
43.08	71.76764048062839	1.8898295668455272
43.05	70.82004327040453	2.9132158022660475
43.02	70.72990784278284	1.1302578220000634
43	72.84430723923904	1.2287355615542486
42.97	71.43616896409256	1.4876277974018683
42.95	73.42584316547101	0.45400786285216993
42.93	72.72741904625526	0
42.92	72.44859475355882	0
42.91	74.39670049227202	0
42.91	73.20830198434683	0
42.91	73.53524428147537	0
42.91	73.8336181640625	0
42.92	72.8603641803448	0
42.93	72.48112458449144	0
42.94	71.7171258192796	0
42.95	71.77582080547627	0
42.97	72.03144440284143	0
42.99	72.07099914550781	0
43	72.87348307096042	0
43.01	72.6596920306866	0
43.02	72.32631243192233	0
43.02	72.2840507213886	0
43.03	71.27345378582295	0
43.03	71.172147163978	0
43.04	70.58315717256987	0
43.04	70.70820588331956	0
43.05	70.75203895568848	0
43.05	70.72184636042668	0
43.06	71.218350483821	0
43.07	71.13668588491586	0
43.08	71.2593775529128	0
43.09	71.23397166912373	0
43.1	71.24447602492113	0
43.11	71.30915274986855	0
43.13	70.62989528362569	0
43.14	70.74280885549692	0
43.16	70.26911588815543	0
43.18	69.35036439162035	0
43.21	69.3169300372784	0
43.23	68.70796130253719	0
43.26	68.30962107731746	0
43.29	67.76678158686711	0
43.32	67.30281389676608	0
43.34	67.19341938312238	0
43.38	66.76456964932956	0
43.4	66.7493908221905	0
43.44	66.30128860473633	0
43.46	66.54712090125452	0
43.49	66.41374661372258	0
43.52	65.84694055410532	0
43.55	66.06553151057317	0
43.58	66.74448526822604	0
43.6	66.29011741051308	0
43.63	66.22310344989484	0
43.65	66.42940081082858	0
43.68	66.7401805290809	0
43.7	66.61866408128004	0
43.73	65.95405065096342	0
43.75	65.3860825758714	0
43.78	66.15229973426233	0
43.8	65.74273549593413	0
43.83	65.61208138099084	0
43.86	65.44254596416768	0
43.88	66.0229991032527	0
43.91	65.70406546959511	0
43.93	65.42315483093262	0
43.96	66.03562281681941	0
43.98	65.30817472017729	0
44.01	66.11708274254433	0
44.03	66.47333291860727	0
44.05	65.70060583261343	0
44.07	67.064666748046875	0
44.09	66.7731395134559	0
44.1	67.51111837533804	0
44.11	67.6537953890287	0
44.12	65.93068489661584	0
44.13	67.16368235074557	0
44.13	67.44992769681491	0
44.14	66.20494695810171	0
44.15	68.21505546569824	0
44.16	67.89146716778096	0
44.16	67.0806048466609	0
44.17	68.01782314593976	0
44.17	68.20650540865385	0
44.18	67.19246204082783	0
44.18	68.3550057044396	0
44.18	69.02868417593149	0
44.18	68.52549186119667	0
44.19	69.51807095454289	0
44.18	69.33735774113582	0
44.18	68.98719494159405	0
44.19	69.45991075955905	0
44.18	70.73182252737192	0
44.18	70.39793454683745	0
44.19	69.95893038236179	0
44.19	69.95279678931604	0
44.19	70.43115762563852	0
44.2	70.27700570913461	0
44.2	69.49231514563928	0
44.21	70.23032701932468	0
44.21	70.38642002986028	0
44.22	69.2384147644043	0
44.22	69.63542131277231	0
44.23	70.66076131967398	0
44.24	66.24225689814641	0
44.24	66.66997102590707	0
44.25	69.61422773507925	0
44.26	72.24001957820012	0
44.25	72.30806350708008	0
44.25	71.67390676645132	0
44.24	69.93904407207783	0
44.24	67.64195075401894	0
44.24	65.2568083543044	0
44.24	64.22551962045523	0
44.25	66.31489607004019	0
44.27	69.64856001046988	0
44.28	68.22526931762695	0
44.29	68.15840060894307	0
44.29	68.26358281649077	0
44.29	69.29964505709135	0
44.29	67.1603745680589	0
44.29	66.76836600670448	0
44.3	67.9644826742319	0
44.31	65.78922931964581	0
44.32	64.37195997971754	0
44.33	58.658105410062355	0
44.35	60.47434219947228	0
44.37	59.84901281503531	0
44.41	53.08366958911603	0
44.44	54.91478149707501	0
44.47	59.49356152461126	0
44.47	76.11637115478516	0
44.44	78.3900260925293	3.7049612402915955
44.39	78.97288909325233	7.3485131447131815
44.33	81.7461842757005	3.3217966098051805
44.3	70.32371080838718	0.5848862803899325
44.26	71.99431272653433	2.9300851088303785
44.24	71.49379436786359	0
44.22	65.11194595923791	0
44.22	58.62282899709849	0
44.22	59.73572951096755	0
44.25	62.132531679593605	0
44.33	60.139899620643035	0
44.4	61.20923115656927	0
44.43	64.12736892700195	0
44.47	67.54651363079365	0
44.5	64.22338045560397	0
44.53	62.36413588890663	0
44.57	46.315738237821144	0
44.61	64.0277987260085	0
44.62	83.59965837918796	0
44.59	90.13003349304199	2.3926922105825863
44.53	79.4030262873723	3.4500909711305914
44.49	70.40202801044171	0.44381292966695934
44.47	61.621713638305664	0
44.47	57.11165428161621	0
44.46	45.97875705132118	0
44.48	49.43445572486291	0
44.55	55.96714166494517	0
44.59	67.34170840336726	0
44.6	75.69519336407002	0
44.62	66.06166252723108	0
44.64	65.01637678879958	0
44.67	64.08564200768105	0
44.69	59.79150625375601	0
44.69	49.36559640444242	0
44.73	53.776405774630035	0
44.79	63.262697366567764	0
44.84	59.24596639779898	0
44.86	54.37189248891978	0
44.91	52.33524249150203	0
44.96	49.65544333824745	0
45.02	46.153359779944786	0
45.07	41.12281982715314	0
45.13	37.015299797058105	0
45.18	33.147013004009544	0
45.24	29.192126347468452	0
45.3	25.483733874100906	0
45.36	23.53721435253437	0
45.41	19.684424950526314	0
45.48	15.657034470484808	0
45.67	4.618700788571284	0
45.73	1.8663608798613915	0
45.8	-2.340067670895503	0
45.86	-6.51632859156682	0
45.92	-8.467563023933998	0
45.98	-10.284731571490948	0
46.04	-12.85577911597032	0
46.11	-12.894586966587948	0
46.16	-13.99554546062763	0
46.23	-13.616101191594051	0
46.29	-13.469476791528555	0
46.36	-11.209516800366917	0
46.43	-9.000941331569965	0
46.49	-6.410557535978464	0
46.55	-3.211305278998155	0
46.62	-0.6656721291633753	0
46.67	1.588450291982064	0
46.74	4.645918195064252	0
46.81	7.127010638897236	0
46.87	9.136800582592304	0
46.92	11.60318007835975	0
46.99	15.269068204439604	0
47.04	17.4697076357328	0
47.09	20.201926231384277	0
47.14	21.517332700582653	0
47.18	23.563374556027927	0
47.2	25.196678088261532	0
47.21	26.587095627417934	0.5974730978218409
47.19	28.09588358952449	3.5269666434480595
47.17	28.33228771503155	3.6279593236171284
47.15	29.606239612285908	3.2351473289040418
47.13	30.70204001206618	2.6385198132349896
47.11	30.28056181394137	3.867601972932999
47.09	30.20536752847525	4.202238782667197
47.06	30.93864550957313	3.798781455709384
47.04	31.330729998075046	3.3171962144283147
47.02	31.86119336348314	3.8272874315197654
47	32.03309902778039	3.9913584234622808
46.98	32.234672399667595	4.1235755412624435
46.96	33.694972625145546	4.1070836925735845
46.94	34.33991102071909	4.1876365187076425
46.91	34.40590821779691	3.9420323303112617
46.89	35.09241177485539	2.8819255645458517
46.87	34.965032430795524	3.674635050388483
46.85	35.32895785111648	4.008011456865531
46.83	34.890838402968186	4.537696053202335
46.8	35.01851155207707	2.8902454502307453
46.78	35.16396815960224	3.074962112766046
46.76	34.81347194084755	4.271241907890026
46.74	34.03458815354568	2.9085536874257603
46.72	33.60802283653846	3.1417476729704785
46.7	33.25620284447303	3.220221675359286
46.67	32.96315376575177	3.367599082680849
46.66	30.600043443533092	2.6749725525195784
46.64	30.413988920358513	3.715764696781452
46.62	28.47837484799899	3.7529055315714617
46.6	26.872494220733643	2.9660196086535087
46.58	23.857661577371452	3.3310070920449038
46.57	21.5413917027987	1.8738569777745466
46.55	18.65345147939829	2.642871035406223
46.54	16.01026076536912	2.6535803824663162
46.52	13.840275269288284	1.7135921894357755
46.51	12.896279646800116	2.8213958585491548
46.49	11.080490992619442	2.530232504583322
46.48	11.014814010033241	1.4460480069884887
46.46	9.034898922993587	2.390464188960882
46.45	7.793394327163696	1.7473306750448852
46.43	6.658247159077571	4.436896947713999
46.38	5.222199880159819	14.315046060543795
46.25	3.3659550547599792	32.96164159591381
46.02	1.5727928968576286	43.575047025313744
45.81	0.538238470370953	44.10989463329315
45.56	-1.0035080634630644	43.679845654047455
45.28	-2.4461548145000753	49.75909242263207
45.02	-2.4700660888965316	56.753852046453034
44.73	-3.6580395698547363	64.82057979473701
44.33	-3.893810694034283	73.55619962398822
43.87	-4.127415418624878	82.87989066197322
43.46	-4.051887713945829	88.08533265040471
42.93	-4.057342089139499	93.60855744435237
42.48	-3.984692188409659	93.49579343428978
41.95	-3.1970058037684517	91.75081179692195
41.51	-2.2297971065227804	91.71508999971243
40.97	-2.4174584792210507	92.60453581809998
40.54	-1.6948003952319806	90.20394453635582
40.02	-1.734133133521447	89.83373385209303
39.5	-1.6181255303896391	89.3114382487077
39.07	-1.3662801339076116	89.67859662496127
38.55	-1.6872596740722656	89.52349204283495
38.13	-2.6302789724790134	88.53958790118878
37.62	-2.420466679793138	87.70692806977492
37.11	-2.130308609742385	85.67833478634174
36.71	-2.1441636635706978	84.66835544659541
36.22	-1.7950522899627686	83.06450632902292
35.82	-1.871687540641198	83.46407303443321
35.34	-1.2623020318838267	83.93506701175983
34.94	-1.3988157419057994	84.74771545483516
34.45	-1.4757398458627555	83.98892310949472
34.05	-1.2825184602003832	83.41944731198825
33.57	-1.769087681403527	84.21685053752019
33.17	-1.343984787280743	83.00164020978488
32.7	-1.0083991747636063	83.14262582705571
32.22	-0.7850487415607159	83.43257060417763
31.82	-0.9453895458808312	82.66724925774794
31.35	0.1388377409714919	82.13631088917072
30.95	0.1417675385108361	82.35695848098167
30.48	0.12338739175062914	82.9738674714015
30.08	0.411218129671537	83.74184938577505
29.6	-0.2181956401238075	83.38245235956633
29.2	0.7365403725550725	83.08717828530531
28.72	0.3059030496157133	83.2923031770266
28.24	0.2536140038416936	83.45311247385466
27.84	-0.250467978990995	83.6372303045713
27.36	0.44919408284700835	83.10079125257639
26.96	0.5063531948969915	83.11894187560448
26.48	0.29715409645667445	82.97243925241324
26.07	0.1569480162400466	83.65589508643517
25.59	0.5382591027479906	83.31294298171997
25.19	0.1096808910369873	83.84389767279991
24.71	0.6176516642937294	83.54774218339186
24.22	0.445174895800077	83.02932317440326
23.82	0.4999522062448355	83.59026230298556
23.34	0.5039276526524471	83.29030367044302
22.94	0.2927816831148588	84.16359021113469
22.45	0.7222718458909255	84.04112247320322
22.05	0.4210498699775109	84.22001710304848
21.56	-0.17415624398451587	85.04536445324237
21.16	0.15652051338782677	82.56684954349811
20.68	0.3585337675534762	83.42027975962712
20.19	-0.29797526506277233	85.18543601036072
19.78	-0.3393506086789645	85.29763689407936
19.29	0.17698122904850888	83.5188431923206
18.89	0.776283282500047	83.9058007643773
18.41	-0.2829854304973896	82.56731473482573
18	0.5427718162536621	84.03891077408424
17.51	-0.3374483035160945	86.47242454382089
17.1	-0.11589453770564154	85.80631136894226
16.61	0.33446238591120797	85.28225293526283
16.12	0.3100295250232403	84.7926676273346
15.72	-0.09233236312866211	82.82786268454332
15.23	0.16772471941434422	83.86305212974548
14.83	-0.19481337987459624	83.04259336911716
14.35	0.04674306282630334	84.17668085831862
13.94	-0.20265285785381612	84.9140254350809
13.45	0.25787582764258754	85.48713298944327
12.96	0.4659970907064585	85.17837652793297
12.55	-0.5743698890392597	83.18919392732474
12.07	0.20037091695345366	83.62697977286119
11.67	0.006436476340660683	81.54186982374925
11.19	-0.19489425879258376	83.15199494361877
10.71	-0.16805236156170186	83.93731951713562
10.31	0.18198086665226865	85.1540233538701
9.9	0.21295831753657415	84.28736374928401
9.41	0.27321393673236555	85.87220531243544
8.91	0.6094350264622616	85.9969500394968
8.5	0.0597224785731389	86.45880341529846
8	-0.06404454891498272	86.22843577311589
7.59	-0.2522464898916391	85.21897059220534
7.1	0.1496573594900278	85.58384381807768
6.69	-0.2246098334972675	85.13274697157053
6.28	0.039328611814058743	83.91514539718628
5.8	0.3859773048987756	83.76850403272189
5.31	0.15531970904423642	85.01067913495578
4.9	0.031276207703810475	85.09389941508954
4.41	-0.33101512835575986	85.42566244418805
3.92	0.14914485124441296	86.06531684215253
3.5	-0.0125428346487192	87.17367190581102
3.01	-0.21608618589547965	86.98819930736835
2.59	0.06348004707923302	86.0235475576841
2.1	1.9623940724592943	83.90099378732535
1.67	-2.694904529131376	85.14034509658813
1.18	-0.13938986338101902	84.40575086153471
0.76	-3.479624803249653	87.80860910048851
0.24	0.05249619483947754	90.45554775458116
0.19	-0.059002821262066185	89.56262524311359
0.65	2.3232716780442457	70.46092262634865
0.95	-0.7578486662644607	58.235127329826355
1.25	-1.7933249473571777	53.24972083935371
1.45	-0.40562840608450085	30.897493820924026
1.4	0.5830177435508141	0
1.09	-1.1204494879795956	0
0.83	-0.9810059804182787	0
0.62	-0.4218223461738	0
0.53	-0.04182028082700876	0
0.47	-1.4683815149160533	0
0.41	3.2385363028599667	0
0.28	4.306290287237901	0
0.11	-6.5000574863874	0
0.15	7.694468681628888	0
0.32	-1.6885801462026744	0
0	0	0
