0	0.006432899837818695	5e-324
0	0.005876618863112526	5e-324
0	0.005300859216125294	5e-324
0	0.006709944108378193	5e-324
0	0.010067221011855441	5e-324
0	0.01464133029120053	5e-324
0.01	0.010170698221241736	5e-324
0.01	-0.0009854596156365202	5e-324
0.01	0.05224967224294473	5e-324
0.02	0.04561115333648113	5e-324
0.03	0.05247577676572297	5e-324
0.03	0.04726794640160737	5e-324
0.04	0.06588489126665084	5e-324
0.06	0.048267261147242016	5e-324
0.07	0.04491306181583141	5e-324
0.13	0.042133928875366655	5e-324
0.19	0.06736970382696054	5e-324
0.28	0.11582074475613408	5e-324
0.39	0.16967751572461906	5e-324
0.54	0.23522163561657106	5e-324
0.69	0.3090798309112319	5e-324
0.87	0.4109384051322434	5e-324
1.08	0.5337895780749788	5e-324
1.3	0.7102133479439146	5e-324
1.48	0.8447134221630259	5e-324
1.69	0.9670216123502566	5e-324
1.9	1.1391696953286268	5e-324
2.08	1.2848143692256104	5e-324
2.3	1.4445095022342658	5e-324
2.48	1.3939844412704268	5e-324
2.7	1.455561715635161	5e-324
2.88	1.4893083445691706	5e-324
3.08	1.7672415117604812	5e-324
3.25	1.9474076480189286	5e-324
3.46	2.330566065941775	5e-324
3.67	2.659064129674728	5e-324
3.85	2.7286148846939087	5e-324
3.99	2.601160570513228	5e-324
4.23	3.1657625083739718	5e-324
4.43	3.4164131874570853	5e-324
4.6	3.457168800919033	5e-324
4.79	3.855751236585934	5e-324
4.95	3.9806821710056135	5e-324
5.12	4.488595491115898	5e-324
5.27	4.959675890147904	5e-324
5.36	5.0241133961037745	5e-324
5.43	5.5919581107271785	5e-324
5.48	5.769467805416962	5e-324
5.52	6.476173757349431	5e-324
5.57	6.608212656924471	5e-324
5.62	7.15813696277776	5e-324
5.68	7.543276639706969	5e-324
5.73	7.333015409643173	5e-324
5.8	7.691499707195215	5e-324
5.85	7.524284228572674	5e-324
5.9	7.50017902268108	5e-324
5.97	8.112595572100862	5e-324
6.04	8.669819206930084	5e-324
6.1	8.583706276527256	5e-324
6.17	8.593998491305411	5e-324
6.27	9.826298357762244	5e-324
6.35	9.528431898999044	5e-324
6.45	9.987171174968777	5e-324
6.52	9.680165465869909	5e-324
6.62	10.162666665142536	5e-324
6.69	9.873018540234481	5e-324
6.78	10.266523756982886	5e-324
6.85	9.847692632399673	5e-324
6.94	10.223350420302866	5e-324
7.01	9.86806727939963	5e-324
7.11	10.275148426717212	5e-324
7.2	10.601184201801424	5e-324
7.28	10.244600589228199	5e-324
7.37	10.651859774372658	5e-324
7.45	10.274450115322407	5e-324
7.54	10.703663272043105	5e-324
7.61	10.34316404704338	5e-324
7.7	10.71029459476805	5e-324
7.79	10.97758791752974	5e-324
7.87	10.489020399254075	5e-324
7.96	10.750035630478134	5e-324
8.04	10.300866154956877	5e-324
8.14	10.605604711537636	5e-324
8.21	10.148783060330098	5e-324
8.3	10.397726502433846	5e-324
8.37	9.888831956227595	5e-324
8.46	10.091585417201186	5e-324
8.55	9.66846838881212	5e-324
8.65	9.974080336635241	5e-324
8.74	10.141778726926477	5e-324
8.82	9.645253685564324	5e-324
8.92	9.898566504999382	5e-324
9	9.91937687712735	5e-324
9.06	9.23370248374577	5e-324
9.14	9.127364246709844	5e-324
9.22	8.442882044585472	5e-324
9.3	7.896852871957851	5e-324
9.43	7.922645979838585	5e-324
9.56	7.476426710289346	5e-324
9.71	7.561997866288465	5e-324
9.83	7.525813221450922	5e-324
9.92	6.997909032095562	5e-324
10	6.9272264354911774	5e-324
10.09	6.771668621164186	5e-324
10.17	6.2534392308891835	5e-324
10.26	5.877053194894727	5e-324
10.37	5.93680715548595	5e-324
10.46	5.611829065268201	5e-324
10.56	5.675324044116198	5e-324
10.67	5.645076439895681	5e-324
10.75	5.237598663346124	5e-324
10.85	5.155033769281908	5e-324
10.93	4.725504894769619	5e-324
11.03	4.5709886231183186	5e-324
11.13	4.330035274872837	5e-324
11.22	3.8409359121948197	5e-324
11.33	3.5753578256957685	5e-324
11.42	3.123732163398875	5e-324
11.52	2.836540993296356	5e-324
11.61	2.402922686397159	5e-324
11.72	2.070690679966852	5e-324
11.8	1.6393382832289995	5e-324
11.91	1.229892123189002	5e-324
12.01	0.7575547946231505	5e-324
12.1	0.3033683643210761	5e-324
12.2	-0.21244252905161737	5e-324
12.29	-0.6260663497829191	5e-324
12.4	-1.1602016198955702	5e-324
12.49	-1.5123166298737065	5e-324
12.6	-2.009216290584029	5e-324
12.71	-2.4435912667602087	5e-324
12.8	-2.6164193305429064	5e-324
12.9	-2.9933845491067426	5e-324
12.99	-3.0820815510571764	5e-324
13.08	-3.1613346229940693	5e-324
13.19	-3.44989349291114	5e-324
13.3	-3.643290601229672	5e-324
13.39	-3.539531122138238	5e-324
13.5	-3.687066378050092	5e-324
13.61	-3.7853822342028054	5e-324
13.91	-6.077677090750924	5e-324
14.02	-5.385679690940046	5e-324
14.12	-4.69591924445536	5e-324
14.23	-4.441763263467242	5e-324
14.32	-4.034184567207379	5e-324
14.43	-3.9416759398148637	5e-324
14.52	-3.639157391036458	5e-324
14.64	-3.612959578675483	5e-324
14.75	-3.5819296147458295	5e-324
14.84	-3.371213449027132	5e-324
14.95	-3.4435100582451104	5e-324
15.05	-3.3056944258763967	5e-324
15.16	-3.4397873161223633	5e-324
15.25	-3.33775969460775	5e-324
15.36	-3.486367559982859	5e-324
15.45	-3.380123983770436	5e-324
15.57	-3.517069287532728	5e-324
15.68	-3.606071213130591	5e-324
15.78	-3.4552135886936055	5e-324
15.89	-3.561617061474111	5e-324
16	-3.613701387894358	5e-324
16.1	-3.428867841299577	5e-324
16.19	-3.2943961553356087	5e-324
16.31	-3.3985891333468627	5e-324
16.4	-3.270829406405655	5e-324
16.52	-3.4089214786876796	5e-324
16.63	-3.5453654294436148	5e-324
16.73	-3.460723899724633	5e-324
16.84	-3.661002043006215	5e-324
16.94	-3.587996375260157	5e-324
17.06	-3.771258663744255	5e-324
17.16	-3.647956523962899	5e-324
17.27	-3.763427602206336	5e-324
17.39	-3.8002468087161208	5e-324
17.49	-3.5897661370533336	5e-324
17.61	-3.635725438510341	5e-324
17.71	-3.443714466252226	5e-324
17.84	-3.5036876177538603	5e-324
17.94	-3.3255476276033504	5e-324
18.06	-3.3704253063132	5e-324
18.16	-3.174763101055972	5e-324
18.28	-3.19925081183418	5e-324
18.39	-3.0156699757326284	5e-324
18.51	-3.062965141208523	5e-324
18.64	-3.098572874454675	5e-324
18.75	-2.95777210618824	5e-324
18.88	-3.052438639009463	5e-324
18.98	-2.942301912577418	5e-324
19.11	-3.070525103161608	5e-324
19.22	-2.9912220863129977	5e-324
19.35	-3.1614751980144784	5e-324
19.49	-3.2970661042675	5e-324
19.6	-3.1997664433694406	5e-324
19.71	-3.1311297383594474	5e-324
19.84	-3.2785365149280774	5e-324
19.98	-3.3690622647989126	5e-324
20.09	-3.224363655624226	5e-324
20.24	-3.3170463448751533	5e-324
20.35	-3.18228928080626	5e-324
20.5	-3.2953898187245354	5e-324
20.62	-3.178035408766707	5e-324
20.76	-3.3027991877806	5e-324
20.9	-3.4031871171585095	5e-324
21.02	-3.2884635224431897	5e-324
21.17	-3.4300007642750705	5e-324
21.3	-3.3361120817711143	5e-324
21.44	-3.4957398314262647	5e-324
21.59	-3.6059490861740366	5e-324
21.71	-3.4747416438225596	5e-324
21.86	-3.607318220078254	5e-324
21.99	-3.4907559480138928	5e-324
22.11	-3.4238667862782735	5e-324
22.27	-3.605469386542613	5e-324
22.42	-3.74059431602291	5e-324
22.54	-3.62093615330135	5e-324
22.69	-3.785944364312148	5e-324
22.82	-3.7019041639906836	5e-324
22.97	-3.9195903645754084	5e-324
23.1	-3.852473200026866	5e-324
23.25	-4.095047161292893	5e-324
23.37	-4.043107988041591	5e-324
23.52	-4.32790932945485	5e-324
23.67	-4.588407876600491	5e-324
23.8	-4.52378876512086	5e-324
23.95	-4.824049306673755	5e-324
24.08	-4.763828869124787	5e-324
24.22	-5.081672615715855	5e-324
24.37	-5.35083958297671	5e-324
24.5	-5.236695376533423	5e-324
24.62	-5.177934259015769	5e-324
24.78	-5.47990763914249	5e-324
24.92	-5.700545831064238	5e-324
25.04	-5.521223218567763	5e-324
25.19	-5.766468383626541	5e-324
25.32	-5.601624306538759	5e-324
25.47	-5.8530794131984525	5e-324
25.6	-5.681658730380165	5e-324
25.74	-5.953502529321375	5e-324
25.89	-6.1711229765234	5e-324
26.02	-5.968007060956927	5e-324
26.18	-6.20290198661036	5e-324
26.3	-5.989213558247951	5e-324
26.45	-6.238882596448877	5e-324
26.57	-6.0438545204663034	5e-324
26.73	-6.307254699334857	5e-324
26.88	-6.4886126680621565	5e-324
27.01	-6.235339727239986	5e-324
27.13	-6.080814006714109	5e-324
27.28	-6.383981379443461	5e-324
27.44	-6.608898962904613	5e-324
27.57	-6.3672282922952155	5e-324
27.72	-6.601213634621013	5e-324
27.85	-6.382431383073269	5e-324
28	-6.660813258433043	5e-324
28.15	-6.863469818087759	5e-324
28.28	-6.59179544497548	5e-324
28.44	-6.81598262157144	5e-324
28.56	-6.572902937531848	5e-324
28.72	-6.834041505612606	5e-324
28.83	-6.583651287789727	5e-324
28.96	-6.7649206896198795	5e-324
29.07	-6.457329681432683	5e-324
29.21	-6.625525187062115	5e-324
29.35	-6.71277997520371	5e-324
29.46	-6.343352671167163	5e-324
29.56	-6.392193445648593	5e-324
29.62	-5.999328799328798	5e-324
29.66	-6.010640262288654	5e-324
29.66	-5.641749021876701	5e-324
29.65	-5.712585211400017	0.5933333333334261
29.64	-5.425936030747555	0.9888888888888328
29.63	-5.55913054367174	1.252592592592648
29.62	-5.326552824791357	1.4283950617283139
29.61	-5.483551864816155	1.5455967078189687
29.6	-5.247418772677903	1.623731138545861
29.59	-5.391126091369746	1.6758207590306669
29.58	-5.491121291563476	1.710547172687204
29.57	-5.242947188566425	1.7336981151246846
29.56	-5.404271111935349	1.7491320767498826
29.55	-5.201562466226489	1.7594213844998037
29.54	-5.432610301056673	1.7662809229999619
29.53	-5.63397540189028	1.7708539486665231
29.52	-5.457417874449265	1.7739026324444416
29.51	-5.698195334760112	1.7759350882961764
29.51	-5.53480899570283	1.1839567255307841
29.5	-5.8077982122076515	1.3826378170206155
29.49	-5.649166074203687	1.5150918780138365
29.48	-5.912057115611879	1.6033945853424396
29.49	-5.737205728127629	1.0689297235616264
29.52	-6.022314731362349	0.712619815707751
29.58	-5.916042567580978	0.47507987713850064
29.66	-6.313106812758067	0.3167199180923338
29.7	-6.660803107963983	0.21114661206155588
29.7	-6.565827312734302	0.14076440804103724
29.68	-7.026525644129902	1.2805096053606662
29.66	-6.973761537320312	2.0403397369070855
29.6	-7.561006944795564	4.920226491271315
29.54	-8.157839860130366	6.840150994181012
29.51	-8.17534157509355	6.340100662787198
29.47	-8.89275575653902	6.600067108524959
29.43	-8.892628352559532	6.773378072349922
29.38	-9.576539050625033	7.482252048233323
29.34	-9.495554930254706	7.361501365488832
29.29	-10.138060396908728	7.874334243659264
29.24	-9.961730972740355	8.216222829106218
29.19	-10.484416050430411	8.44414855273731
29.15	-10.19027832648957	8.002765701825034
29.1	-10.652640652174062	8.30184380121652
29.06	-10.988739129169634	7.907895867477841
29.02	-10.568212507767463	7.645263911651843
28.98	-10.969183041818473	7.470175941101178
28.97	-10.632726791582005	5.573450627400878
28.98	-11.10532731634146	3.7156337516005857
29.01	-10.793229287786064	2.477089167733724
29.06	-11.294070976925317	1.6513927784891496
29.1	-11.67837223241976	1.1009285189927662
29.15	-11.321833383875182	0.7339523459951776
29.19	-11.17937073068076	0.48930156399678504
29.26	-11.901433956137634	0.3262010426645233
29.32	-12.441689085502396	0.2174673617763489
29.37	-12.10862997571993	0.14497824118423258
29.44	-12.754906541957151	0.09665216078948838
29.5	-12.48941638513986	0.06443477385965893
29.56	-13.131191447131867	0.042956515906439285
29.62	-12.74597961164439	0.028637677270959526
29.68	-13.287792870678357	0.01909178484730635
29.74	-12.870171247236849	0.0127278565648709
29.8	-13.396179372897835	0.008485237709913933
29.87	-13.7118871847125	0.0056568251399426225
29.92	-13.109077549161226	0.003771216759961748
29.98	-13.518891866750634	0.002514144506641165
30.03	-13.02905188766012	0.0016760963377607766
30.1	-13.496260628442023	0.0011173975585071845
30.15	-12.980754308152385	0.0007449317056714563
30.21	-13.43205213366367	0.0004966211371143041
30.27	-12.965222870994472	0.0003310807580762027
30.33	-13.458209472205002	0.00022072050538413514
30.4	-13.737139160326784	0.00014714700358942344
30.46	-13.085501918957462	0.00009809800239294895
30.52	-13.42073610422139	0.00006539866826196596
30.59	-12.848100418956525	0.00004359911217464398
30.66	-13.187129743461748	0.000029066074783095985
30.73	-12.583532318434623	0.00001937738318873066
30.81	-12.889984727513339	0.000012918255459153774
30.88	-12.327780306804907	0.000008612170306102515
30.96	-12.648191579424735	0.000005741446870735009
31.05	-12.770841465323118	0.000003827631247156672
31.12	-12.083550953493406	0.000002551754164771115
31.21	-12.339397207612985	0.0000017011694431807434
31.28	-11.799440703326388	0.0000011341129621204956
31.38	-12.128075712208124	7.560753080803303e-7
31.46	-11.61127772185896	5.040502053868868e-7
31.56	-11.986528138511463	3.360334702579245e-7
31.65	-11.563877053457913	2.24022313505283e-7
31.75	-11.99874677152611	1.4934820900352198e-7
31.84	-11.558365845563275	9.956547266901465e-8
31.94	-11.990329066549625	6.63769817793431e-8
32.04	-12.337737438259177	4.4251321186228733e-8
32.12	-11.884302366417762	2.9500880790819158e-8
32.23	-12.3599981857455	1.9667253860546105e-8
32.31	-11.99739513593852	1.3111502573697402e-8
32.41	-12.647296569330518	8.741001715798267e-9
32.5	-12.422161276351845	5.827334477198845e-9
32.6	-13.174485919459652	3.8848896514658965e-9
32.7	-13.741308384341558	2.5899264343105974e-9
32.79	-13.337771990308212	1.7266176228737315e-9
32.9	-13.98460437833693	1.1510784152491544e-9
32.99	-13.6730736339648	7.673856101661029e-10
33.09	-14.52290466024093	5.11590406777402e-10
33.17	-14.40101659056088	3.410602711849347e-10
33.26	-15.543966833330327	2.2737351412328978e-10
33.34	-15.521493265849848	1.5158234274885987e-10
33.42	-16.792785772415172	1.0105489516590657e-10
33.5	-17.974330851091423	6.736993011060438e-11
33.56	-17.91494750936054	4.491328674040292e-11
33.64	-19.383710270408365	2.9942191160268616e-11
33.7	-19.350159635833474	1.9961460773512408e-11
33.78	-20.786208688632367	1.3307640515674939e-11
33.85	-20.471827651331484	8.871760343783293e-12
33.92	-21.597856464567307	5.914506895855529e-12
33.98	-21.209471692180042	3.943004597237019e-12
34.03	-22.89577955600657	2.628669731491346e-12
34.05	-24.913865315626783	1.7524464876608974e-12
34.07	-25.384103683683758	1.1682976584405983e-12
34.09	-28.440606729914414	7.788651056270654e-13
34.1	-29.436862824284166	5.19243403751377e-13
34.08	-33.24127449646858	1.1866666666671983
34.04	-37.10826787039999	3.164444444444748
34.01	-38.15727779599022	3.8896296296298996
33.98	-42.45367540106613	4.373086419753334
33.96	-43.060740535352515	4.102057613168653
33.95	-46.71652504714768	3.328038408778984
33.95	-46.18291028179836	2.2186922725193226
33.94	-48.77989886424444	2.072461515013185
33.91	-47.41202624996613	3.1616410100088572
33.84	-49.19769438648697	6.261094006672167
33.78	-47.35729800815077	7.734062671114913
33.68	-49.0595346959532	11.089375114076693
33.6	-47.45714718423226	12.139583409384361
33.5	-49.934166833674944	14.026388939589658
33.42	-52.47386133045456	14.097592626393004
33.36	-51.70394281801067	12.958395084262138
33.29	-55.424424868634944	12.79226338950811
33.23	-55.13134792322879	12.088175593005541
33.17	-59.19287869317018	11.618783728670074
33.14	-58.427291736779715	9.52585581911345
33.14	-61.66847745679109	6.350570546075634
33.16	-59.72594983064478	4.233713697383756
33.22	-61.5411536744274	2.8224757982558373
33.3	-61.99190913836394	1.8816505321705583
33.37	-58.15749821973345	1.2544336881137057
33.47	-58.06746897948502	0.8362891254091371
33.55	-53.909827757592794	0.5575260836060913
33.66	-52.95607205476859	0.37168405573739427
33.75	-48.50202256972974	0.24778937049159616
33.84	-47.46376929078532	0.1651929136610641
33.93	-46.53063136424067	0.11012860910737607
33.99	-43.44975327427362	0.07341907273825071
34.05	-44.04272409630489	0.048946048492167146
34.11	-42.01359402987112	0.03263069899477809
34.19	-43.09675931783424	0.02175379932985206
34.25	-41.11493422119651	0.01450253288656804
34.33	-41.96309485351894	0.009668355257712025
34.43	-42.058563618660806	0.006445570171808017
34.53	-39.2109915925419	0.004297046781205344
34.64	-38.514996743274	0.002864697854136896
34.94	-51.40871917462484	0.0019097985694245972
35.06	-41.43524419082134	0.0012731990462830647
35.15	-32.78597166796803	0.0008487993641887097
35.26	-27.377801181600166	0.0005658662427924731
35.34	-22.54554293271509	0.00037724416186164875
35.43	-20.033502842934627	0.00025149610790776587
35.51	-17.470174517978602	0.00016766407193851058
35.61	-16.482720868896923	0.00011177604795900705
35.71	-15.783109452073587	0.0000745173653060047
35.79	-14.641496660265572	0.000049678243537336464
35.89	-14.947816108461039	0.000033118829024890976
35.97	-14.51387083938626	0.000022079219349927317
36.06	-15.41958389053386	0.00001471947956661821
36.13	-15.309829068316485	0.000009812986377745474
36.21	-16.573299886670295	0.000006541990918496982
36.28	-16.618366764879376	0.000004361327278997988
36.35	-18.09971726595001	0.000002907551519331992
36.4	-18.206353788281113	0.000001938367679554661
36.5	-19.67875373403677	0.0000012922451197031072
36.6	-20.689860115094422	8.614967464687381e-7
36.68	-20.087286717660515	5.74331164312492e-7
36.78	-20.867057241990633	3.828874428749946e-7
36.86	-20.129521073521325	2.552582952499964e-7
36.95	-20.975208654796447	1.7017219683333094e-7
37.01	-20.449148070921172	1.1344813122222063e-7
37.08	-21.77129094651475	7.563208748148042e-8
37.14	-21.70244897140542	5.0421391654320274e-8
37.19	-23.685694240713655	3.361426110288018e-8
37.24	-25.723060521966364	2.2409507401920116e-8
37.27	-25.988091951659225	1.493967160128008e-8
37.27	-28.767655381123525	9.959781067520054e-9
37.29	-29.33159508424441	6.639854045013369e-9
37.32	-32.27207235361499	4.426569363342246e-9
37.33	-32.52446075009118	2.9510462422281643e-9
37.33	-35.37985270434691	1.967364161485443e-9
37.33	-35.47257294624165	1.311576107656962e-9
37.32	-38.50256808807841	0.5933333342075993
37.31	-41.10720172149702	0.9888888894716148
37.3	-40.715227915380076	1.2525925929813801
37.29	-43.57872358991177	1.4283950619874688
37.27	-43.13146936715096	2.138930041324743
37.24	-46.16383672838786	3.205953360883229
37.21	-45.7196620373332	3.917302240588887
37.17	-48.87497676801457	4.984868160392541
37.12	-51.38841323428271	6.289912106928614
37.07	-50.1707694127059	7.159941404618907
37	-52.84371473800433	8.926627603079288
36.94	-51.63274403542754	9.51108506871966
36.88	-51.02017258732818	9.900723379146154
36.81	-54.172232632462006	10.753815586097453
36.73	-56.47851167099752	11.915877057398623
36.66	-58.18962711795169	12.097251371599098
36.59	-56.00614500097286	12.21816758106566
36.5	-58.073884320810585	13.485445054043977
36.43	-56.056352503856985	13.143630036029334
36.34	-58.21571011039186	14.102420024019336
36.25	-56.208276619265654	14.741613349346427
36.15	-58.38518546267033	15.761075566231035
36.06	-56.3896167206769	15.847383710820472
35.95	-58.63312038216112	17.091589140546947
35.84	-60.24173349795221	17.921059427031263
35.74	-57.89697127929043	17.880706284687594
35.65	-56.44034741790101	17.2604708564586
35.54	-59.15937016538573	18.033647237639034
35.43	-61.14138604694635	18.549098158425988
35.35	-58.91081303352791	17.112732105617223
35.25	-61.05469292069869	17.3418214037449
35.18	-58.85465686142758	15.714547602496616
35.12	-60.98250347013295	14.036365068331213
35.07	-58.807350183760384	12.324243378887306
35.04	-61.04915648452978	9.996162252591605
35.02	-62.5333667723505	7.850774835060834
35	-59.88732184765997	6.420516556707408
34.99	-61.648653056838654	4.873677704471487
34.99	-59.03179102451307	3.249118469647658
34.98	-60.679798617803215	2.7594123130987422
34.98	-57.98427294196438	1.839608208732495
34.99	-59.40591416920938	1.22640547248833
34.99	-56.69799381905417	0.8176036483255533
35	-58.04154007600654	0.5450690988837021
35.01	-55.365321852299466	0.3633793992558014
35.03	-56.735412370048486	0.24225293283720095
35.05	-57.40226354027049	0.16150195522480065
35.06	-54.41834923130697	0.10766797014986709
35.09	-55.49069166041661	0.07177864676657805
35.11	-52.830544257435136	0.0478524311777187
35.13	-54.035785473244395	0.0319016207851458
35.16	-51.55669070201092	0.0212677471900972
35.2	-52.79755683602816	0.014178498126731467
35.23	-53.39514264471363	0.009452332084487643
35.27	-50.6156920498317	0.006301554722991763
35.31	-51.568293490058565	0.0042010364819945085
35.35	-49.05010866389711	0.002800690987996339
35.39	-50.09771173040475	0.0018671273253308925
35.43	-47.65908985122474	0.0012447515502205949
35.49	-48.515487317664494	0.00082983436681373
35.54	-48.613824512901175	0.0005532229112091534
35.59	-45.50186935814829	0.00036881527413943564
35.66	-45.370394086427964	0.0002458768494262904
35.72	-42.14031047194234	0.00016391789961752693
35.8	-41.42044149861209	0.00010927859974501795
35.86	-37.81399609677438	0.00007285239983001197
35.95	-36.25489409088048	0.000048568266553341316
36.02	-32.24419654011246	0.000032378844368894215
36.11	-29.745141732669143	0.00002158589624592948
36.18	-25.460082817498236	0.00001439059749728632
36.28	-22.190450957592628	0.000009593731664857547
36.37	-18.38931875839757	0.000006395821109905032
36.44	-14.068944912329513	0.0000042638807399366885
36.53	-10.234654858367804	0.000002842587159957792
36.61	-6.561643597476802	0.0000018950581066385279
36.7	-3.0453288940187044	0.000001263372071092352
36.77	-0.2116404150279121	8.422480473949014e-7
36.85	2.7169307462896977	5.614986982632676e-7
36.92	4.6221012529420165	3.743324655088451e-7
37.01	6.80724170677893	2.495549770058967e-7
37.07	7.8212418265849175	1.663699846705978e-7
37.16	9.2465409791561	1.1091332311373187e-7
37.24	10.195429017889433	7.394221540915458e-8
37.31	10.112162577174043	4.929481027276972e-8
37.39	10.626453318020857	3.286320684851315e-8
37.46	10.216408399327088	2.1908804565675434e-8
37.55	10.436130136763511	1.460586971045029e-8
37.62	9.866916753058842	9.737246473633526e-9
37.7	9.91200572273132	6.491497649089017e-9
37.77	9.237681287128206	4.327665099392677e-9
37.85	9.098440817752651	2.8851100662617846e-9
37.93	8.700878118171397	1.9234067108411894e-9
37.99	7.683914453099965	1.282271140560793e-9
38.06	6.900535197106047	8.548474270405286e-10
38.12	5.592755963721266	5.698982846936857e-10
38.19	4.229457370297253	3.799321897957905e-10
38.25	2.4853961096358237	2.53288126530527e-10
38.29	0.6789569336383903	1.6885875102035131e-10
38.34	-1.6059264185662878	1.125725006802342e-10
38.37	-3.531452808062447	7.504833378682281e-11
38.4	-6.207839960254731	5.0032222524548544e-11
38.42	-8.088649615815532	3.335481501636569e-11
38.45	-10.97750608228007	2.2236543344243794e-11
38.46	-12.657031809531995	1.4824362229495863e-11
38.47	-15.681846632497967	9.882908152997243e-12
38.48	-18.61407232870104	6.588605435331496e-12
38.49	-19.89417605253662	4.39240362355433e-12
38.49	-23.067602550843038	2.928269082369553e-12
38.48	-24.2362281483494	0.5933333333355891
38.47	-27.588107536566387	0.9888888888902747
38.45	-28.575883743532323	1.8459259259266139
38.42	-32.06209953123165	3.0106172839511434
38.38	-32.835681165074156	4.380411522634045
38.32	-36.30860095736015	6.480274348422832
38.27	-36.74186317421256	7.286849565615053
38.19	-40.14051710197814	9.604566377077022
38.12	-43.029527488546805	10.556377584718032
38.05	-42.69272006164479	11.190918389812039
37.96	-45.7881454872987	12.800612259874473
37.88	-45.36994490092554	13.280408173249548
37.78	-48.50765977435371	14.78693878216645
37.69	-47.890944514227186	15.197959188111168
37.58	-50.9546734080929	16.658639458740744
37.48	-53.35648192920701	17.039092972493915
37.39	-51.967376149791335	16.699395314995723
37.28	-54.55863448669379	17.65959687666378
37.18	-53.14255913950698	17.706397917775938
37.07	-55.73583655843423	18.330931945183924
36.98	-54.20603223880432	17.560621296789485
36.87	-56.72529351272052	18.233747531192957
36.79	-55.077460714107	16.902498354128536
36.7	-57.55147694154128	16.60833223608547
36.62	-59.24934275702677	15.818888157390633
36.55	-56.908347994549125	14.699258771593772
36.5	-55.33948859256257	12.766172514395679
36.46	-57.78255223563601	10.88411500959707
36.44	-59.44273484271004	8.442743339731566
36.43	-57.07596224312345	6.2218288931542585
36.44	-58.94282412864909	4.147885928769506
36.45	-60.0218349335285	2.765257285846338
36.46	-57.09647724595701	1.8435048572308919
36.48	-58.25752655830701	1.2290032381539278
36.5	-55.33014331818516	0.8193354921026186
36.52	-53.00054450201977	0.5462236614017457
36.55	-54.157151272104535	0.3641491076011638
36.58	-54.35874859992129	0.2427660717341092
36.61	-50.97171984845762	0.16184404782273948
36.64	-51.009299940091225	0.10789603188182631
36.68	-47.65685211071706	0.07193068792121754
36.72	-47.46766515132587	0.047953791947478355
36.76	-44.07714722056845	0.03196919463165224
36.81	-43.42424597343756	0.02131279642110149
36.85	-39.90293508379166	0.014208530947400991
36.91	-38.79728680633454	0.009472353964933993
36.97	-36.91763391034766	0.006314902643289329
37.02	-32.90896046093792	0.004209935095526219
37.08	-30.84827787823686	0.002806623397017479
37.14	-27.14217113351247	0.0018710822646783192
37.21	-24.987807666055264	0.001247388176452213
37.27	-21.6139772906645	0.0008315921176348087
37.34	-19.53425501485012	0.00055439474508987255
37.42	-17.357657214452864	0.00036959649672658166
37.48	-14.63814392303957	0.00024639766448438774
37.55	-12.869722537006721	0.0001642651096562585
37.61	-10.780338050704044	0.00010951007310417232
37.69	-9.406102457415518	0.00007300671540278156
37.75	-7.779824287589854	0.000048671143601854375
37.82	-6.598595513303238	0.00003244742906790292
37.89	-5.254094076599633	0.000021631619378601945
37.96	-4.129904674744649	0.000014421079585734629
38.03	-2.9480121367815935	0.00000961405305715642
38.1	-1.826989112693587	0.000006409368704770946
38.17	-0.7026139877809061	0.000004272912469847298
38.23	0.21056611982738682	0.0000028486083132315315
38.31	1.169167826754884	0.0000018990722088210211
38.37	1.749878495111013	0.000001266048139214014
38.44	2.3622512587618543	8.440320928093426e-7
38.51	2.492155898798441	5.626880618728951e-7
38.58	2.5194183086420003	3.751253745819301e-7
38.65	2.1215527658142324	2.5008358305462007e-7
38.71	1.3569949215216677	1.6672238870308005e-7
38.78	0.18765734269379153	1.111482591353867e-7
38.84	-1.0987557211099135	7.409883942359112e-8
38.9	-3.0343322058796147	4.939922628239408e-8
38.95	-4.687645460799004	3.293281752159605e-8
39	-7.266814403531734	2.1955211681064033e-8
39.04	-9.08625433480196	1.4636807787376022e-8
39.07	-12.10074498447335	9.75787185825068e-9
39.1	-13.905499742485555	6.505247905500454e-9
39.12	-17.26263803781272	4.336831937000302e-9
39.13	-20.573780274059487	2.8912212913335347e-9
39.14	-22.108462119072954	1.927480860889023e-9
39.13	-25.79535712538681	0.5933333346182025
39.12	-27.20810426203467	0.9888888897457719
39.1	-31.06025197105971	1.8459259264969452
39.07	-32.19138792540045	3.0106172843313646
39.04	-36.02234217893281	3.7870781895543106
39.01	-39.34708486874932	4.304718793036274
38.98	-39.543046114263525	4.649812528690917
38.94	-42.897099100740476	5.473208352460561
38.91	-42.782128671232414	5.428805568307108
38.87	-45.977415538223816	5.992537045538021
38.84	-45.50022304837089	5.775024697024993
38.8	-48.452717145484925	6.223349798017034
38.77	-47.60580649222189	5.928899865344335
38.73	-50.27805335847137	6.325933243563261
38.68	-52.1851174669982	7.183955495708672
38.64	-50.377662827573026	7.162636997139065
38.59	-52.296111254641986	7.741757998092541
38.55	-50.45723212035361	7.534505332062065
38.5	-52.32129027801752	7.989670221374541
38.45	-50.44811805861879	8.293113480916192
38.4	-52.3391472197083	8.495408987277715
38.34	-53.6414701602766	9.22360599151819
38.29	-51.4442965545031	9.115737327679046
38.23	-53.166535058880356	9.637158218452832
38.19	-51.187341686159506	8.798105478968504
38.14	-53.05522819498919	8.832070319312168
38.11	-51.18198541706182	7.668046879541513
38.08	-53.16148679078295	6.892031253027743
38.07	-51.37707928229313	5.18802083535171
38.05	-53.40203450761978	4.645347223567993
38.04	-51.544657106622346	3.6902314823785436
38.04	-53.432118636220125	2.460154321585696
38.03	-54.53076382056117	2.233436214390346
38.02	-51.94437770500482	2.082290809593446
38.02	-53.12387959760188	1.3881938730622974
38.01	-50.6235271640759	1.5187959153751684
38.01	-51.76366936604102	1.0125306102501122
38	-49.348545826006514	1.2683537401666234
38	-50.50321475897784	0.8455691601110822
37.99	-48.193835486754104	1.1570461067406035
37.99	-49.428508221592445	0.7713640711604024
37.99	-47.26229546524489	0.514242714106935
38	-48.5825770715902	0.34282847607128997
38.01	-49.379818991876235	0.22855231738085996
38.02	-47.0091935478195	0.15236821158723995
38.04	-48.16861134802097	0.10157880772482664
38.06	-46.05746818997555	0.06771920514988441
38.09	-47.30496126909163	0.045146136766589615
38.12	-47.987124141283594	0.03009742451105974
38.14	-45.56305661651017	0.02006494967403983
38.17	-43.81324917529924	0.013376633116026552
38.21	-45.17049310023792	0.008917755410684368
38.26	-45.895661087589765	0.005945170273789579
38.3	-43.6156665158217	0.003963446849193053
38.36	-44.54962049965149	0.0026422978994620353
38.41	-42.45373191617356	0.0017615319329746903
38.47	-43.42419891744546	0.0011743546219831267
38.52	-41.379535970176995	0.0007829030813220844
38.71	-68.38160190507482	0.0005219353875480562
38.78	-59.36100231001015	0.0003479569250320375
38.84	-50.76578558944927	0.00023197128335469163
38.9	-30.171619512758465	0.0001546475222364611
38.95	-30.701971203220445	0.00010309834815764075
39	-32.81149867019169	0.00006873223210509383
39.05	-31.87635218432874	0.00004582148807006255
39.11	-32.94232750383062	0.00003054765871337503
39.16	-33.34873377043847	0.000020365105808916688
39.21	-31.518486526757908	0.00001357673720594446
39.26	-31.949369665335634	0.000009051158137296306
39.31	-30.259039439513398	0.000006034105424864204
39.37	-30.7697587777169	0.000004022736949909469
39.41	-29.24084288142838	0.0000026818246332729794
39.47	-29.87589207573036	0.0000017878830888486528
39.52	-28.512808567473492	0.0000011919220592324352
39.57	-29.296443180424987	7.946147061549568e-7
39.62	-28.114378887960005	5.297431374366379e-7
39.67	-29.0754108689811	3.5316209162442526e-7
39.72	-29.788225653965377	2.3544139441628352e-7
39.76	-28.609764750295213	1.5696092961085568e-7
39.8	-29.670242318227196	1.0464061974057045e-7
39.82	-28.705852752860874	6.976041316038029e-8
39.85	-30.00608787405401	4.65069421069202e-8
39.87	-29.200225281214333	3.100462807128013e-8
39.89	-30.713679549051374	2.066975204752009e-8
39.89	-32.00525496804398	1.3779834698346728e-8
39.89	-31.185750862464644	9.186556465564485e-9
39.86	-32.88977087829898	1.7800000061244383
39.82	-32.243268773361216	3.5600000040829083
39.76	-34.146224971735414	5.933333336055407
39.71	-33.546122680395335	6.922222224036769
39.63	-35.63934674079723	9.361481482691078
39.56	-35.12543640487471	10.394320988460736
39.48	-37.442996950673454	11.676213992307478
39.39	-39.46177923537881	13.1241426615381
39.3	-38.75070896292195	14.089428441025602
39.19	-41.154193491193745	15.919618960683701
39.09	-40.5445187661892	16.546412640455465
38.97	-43.16805014836019	18.150941760303912
38.85	-45.32983306173477	19.220627840202457
38.75	-44.33182451425839	18.747085226801723
38.65	-43.97105727807395	18.43139015120123
38.52	-46.978874473517756	20.000926767467217
38.4	-49.34439207624739	20.453951178311748
38.29	-48.2025513896187	20.162634118874465
38.16	-50.82538247062133	21.155089412583127
38.05	-49.67116076888526	20.630059608388716
37.92	-52.28114795268413	21.46670640559221
37.82	-51.03181149565451	20.244470937061557
37.68	-53.63969662057636	21.80298062470774
37.58	-52.22601779811928	20.468653749805245
37.45	-54.70204760864028	21.359102499869895
37.32	-56.512396651034166	21.952734999913414
37.21	-54.47424581720379	21.161823333275574
37.08	-56.533633104402846	21.821215555517202
36.99	-54.599872140029	19.887477037011248
36.87	-56.80819215094062	20.378318024674435
36.78	-54.97306397088475	18.925545349782738
36.69	-57.24746702041477	17.957030233188693
36.62	-55.37934966560662	16.124686822125813
36.54	-57.538978642269534	15.496457881417108
36.48	-58.85611573740745	13.890971920944873
36.44	-56.1672091420184	11.633981280629865
36.41	-57.6324410546523	9.535987520419978
36.39	-55.13734057083706	7.543991680279749
36.4	-56.67276372342333	5.029327786853166
36.41	-54.19921302040398	3.352885191235444
36.43	-55.58016041723177	2.235256794156963
36.45	-53.024936067259176	1.490171196104642
36.47	-54.1350539732184	0.9934474640697613
36.51	-51.36977021211289	0.6622983093798409
36.55	-52.101174380290296	0.4415322062532273
36.6	-52.10913395480033	0.2943548041688182
36.65	-48.82316342207326	0.1962365361125455
36.71	-48.875659806715355	0.13082435740836368
36.78	-45.68199965505338	0.08721623827224245
36.86	-45.556706465211036	0.05814415884816164
36.93	-42.44352432223702	0.0387627725654411
37	-42.21385988154911	0.025841848376960734
37.07	-39.265836846051904	0.01722789891797382
37.16	-38.94661838721329	0.011485265945315879
37.25	-38.10564724372403	0.00765684396354392
37.32	-35.06744431597026	0.005104562642362613
37.4	-34.54614727723111	0.0034030417615750755
37.47	-32.12333124067045	0.0022686945077167167
37.56	-32.04966692453139	0.0015124630051444776
37.66	-31.627465127226444	0.0010083086700963186
37.74	-29.29267847329867	0.0006722057800642124
37.84	-27.362406085966608	0.00044813718670947496
37.93	-27.29581210411505	0.00029875812447298334
38.04	-27.06847632947719	0.0001991720829819889
38.13	-25.414058962925136	0.0001327813886546593
38.18	-26.606057613020347	0.00008852092576977285
38.18	-26.909605457666984	0.0000590139505131819
38.15	-30.134083508343707	1.780039342633743
38.17	-30.60711534619556	1.1866928950891622
38.24	-32.61974459275811	0.7911285967261081
38.34	-33.68643204554297	0.5274190644840722
38.41	-32.395382681521106	0.3516127096560481
38.52	-33.448338186411824	0.23440847310403207
38.59	-32.022567992755775	0.15627231540268804
38.64	-33.276511745315496	0.10418154360179202
38.76	-31.939162694643542	0.06945436240119468
39.03	-31.293483470982522	0.046302908267463125
39.16	-29.584091393503417	0.030868605511642083
39.22	-27.07638246367114	0.02057907034109472
39.37	-26.682532224913665	0.01371938022739648
39.66	-23.79127147435332	0.009146253484930988
39.75	-21.019880774973554	0.006097502323287325
39.85	-19.947322200885914	0.004065001548858216
39.9	-18.72444492633465	0.002710001032572144
39.96	-16.956463983009765	0.001806667355048096
40.09	-17.159693893680732	0.0012044449033653975
40.19	-16.777834652297795	0.000802963268910265
40.28	-18.144147677018754	0.0005353088459401766
40.35	-19.97857388564263	0.0003568725639601177
40.41	-20.592381100458933	0.00023791504264007848
40.48	-23.085722512918036	0.000158610028426719
40.54	-23.462781726988734	0.00010574001895114599
40.62	-25.397003864843022	0.00007049334596743065
40.71	-26.556657054326276	0.000046995563978287106
40.8	-25.488886595558917	0.00003133037598552474
40.9	-25.928117743481593	0.000020886917323683156
40.98	-24.349575959212256	0.000013924611549122104
41.09	-24.242075818717435	0.000009283074366081404
41.19	-22.483625540960453	0.000006188716244054269
41.31	-22.210615382667722	0.000004125810829369513
41.41	-20.58344986512848	0.0000027505405529130082
41.52	-20.466483338070915	0.0000018336937019420055
41.61	-19.168907075164032	0.0000012224624679613371
41.71	-19.36838219651356	8.149749786408915e-7
41.78	-18.41749655173306	5.43316652427261e-7
41.87	-18.931700267268074	3.62211101618174e-7
41.96	-19.34236750388012	2.4147406774544933e-7
42.03	-18.554570340068093	1.6098271183029954e-7
42.11	-19.233070128674054	1.0732180788686637e-7
42.18	-18.589075997014863	7.154787192457758e-8
42.26	-19.361313454698625	4.7698581283051714e-8
42.33	-18.73833819378042	3.179905418870114e-8
42.42	-19.489836229470228	2.1199369459134095e-8
42.51	-19.966738012540777	1.4132912972756062e-8
42.58	-19.083433504870992	9.421941981837375e-9
42.65	-18.451779528132807	6.2812946545582505e-9
42.74	-19.11126744519132	4.187529769705501e-9
42.83	-19.48814295770037	2.791686513137001e-9
42.9	-18.574217668491062	1.861124342091334e-9
42.99	-19.039131653496558	1.2407495613942228e-9
43.06	-18.21488041735063	8.271663742628152e-10
43.15	-18.748756878640886	5.514442495085435e-10
43.22	-17.995069307700103	3.676294996723623e-10
43.31	-18.582381269521814	2.4508633311490816e-10
43.39	-18.96654597311146	1.6339088874327212e-10
43.47	-18.116001205404924	1.089272591621814e-10
43.55	-18.626447362230312	7.26181727747876e-11
43.63	-17.859762380941195	4.8412115183191726e-11
43.71	-18.42086947675563	3.2274743455461155e-11
43.78	-17.698449625371005	2.15164956369741e-11
43.87	-18.289722505923667	1.4344330424649402e-11
43.94	-17.59200306483003	9.562886949766268e-12
44.03	-18.195644772092326	6.375257966510846e-12
44.11	-18.588401029065363	4.250171977673897e-12
44.18	-17.761779587579277	2.833447985115931e-12
44.27	-18.26719228740562	1.888965323410621e-12
44.34	-17.51649476386504	1.2593102156070805e-12
44.43	-18.04990182244427	8.395401437380537e-13
44.5	-17.298032335386893	5.596934291587024e-13
44.58	-17.767055363425317	3.7312895277246823e-13
44.65	-16.940953602169177	2.487526351816455e-13
44.73	-17.240987457691954	1.6583509012109703e-13
44.79	-17.198893482331478	1.1055672674739803e-13
44.84	-15.964182292564947	7.370448449826535e-14
44.9	-15.723301465749731	4.913632299884357e-14
44.95	-14.492450925692085	3.275754866589572e-14
45.01	-14.19070506834002	2.1838365777263813e-14
45.05	-13.007141394740556	1.4558910518175873e-14
45.1	-12.653646448665786	9.705940345450583e-15
45.13	-12.132754451542205	6.470626896967056e-15
45.11	-10.981935024648118	1.1866666666668564
45.1	-10.05817413761489	1.3844444444444528
45.09	-9.800180817251755	1.516296296296184
45.07	-9.446229030858138	2.1975308641976414
45.06	-8.599806185993499	2.058353909464976
45.05	-8.350587255462006	1.9655692729769543
45.03	-7.618245940330811	2.4970461819844
45.02	-7.365086187389676	2.258030787989482
45.01	-6.641592375127315	2.0986871919932915
45	-6.27778060942783	1.9924581279954097
44.98	-5.791155792125575	2.5149720853304585
44.97	-5.031191744254952	2.2699813902201877
44.89	-4.5986429377935165	6.259987593480024
44.78	-3.9976729688823713	10.69999172898665
44.65	-3.69193863165369	14.84666115265792
44.52	-3.4210706032673426	17.61110743510501
44.41	-3.0554211119373567	18.26740495673706
44.28	-2.9516463416096177	19.891603304491102
44.18	-2.726898772850755	19.19440220299415
44.07	-2.5772309848868407	19.322934801996066
43.94	-2.628590885527758	20.59528986799753
43.84	-2.50562718534989	19.663526578664683
43.71	-2.5587252062625674	20.822351052443274
43.58	-2.572485847578862	21.594900701629
43.48	-2.4231445782037904	20.329933801086085
43.36	-2.4563626094079996	20.673289200723904
43.26	-2.3439259161497783	19.71552613381602
43.14	-2.4383021705375207	20.26368408921053
43.01	-2.557117941638634	21.22245605947384
42.89	-2.5427275433189966	21.268304039649074
42.73	-2.79869169936958	23.672202693099603
42.63	-2.8740943122738987	21.7148017953994
42.53	-3.2381142905966755	20.409867863599683
42.42	-3.350802115861175	20.133245242399756
42.26	-3.765742904295491	22.915496828266722
42.13	-4.149576745793855	22.99033121884421
42.07	-4.211379317997998	18.88688747922961
42.04	-4.325363528605618	14.371258319486476
41.99	-4.7908377095701065	12.547505546324148
41.87	-5.17049391066883	15.485003697549702
41.74	-5.1260750044865935	18.036669131699533
41.58	-5.4520147278022835	21.51777942113324
41.5	-5.345720834559939	19.09185294742206
41.46	-5.645819473264101	15.101235298281322
41.45	-5.542296984174786	10.660823532187429
41.46	-5.898338323883481	7.107215688124953
41.47	-6.20569499562449	4.738143792083301
41.49	-6.070783871871426	3.158762528055534
41.5	-6.39245764284693	2.105841685370356
41.51	-6.2375848346854035	1.4038944569135707
41.52	-6.522509606833919	0.9359296379423805
41.5	-6.258552403445452	1.8106197586284392
41.44	-6.367809634260209	4.767079839085762
41.35	-5.985921113950182	8.518053226056955
41.22	-5.980657992535327	13.392035484038121
41.08	-5.581599329721977	17.234690322692114
40.91	-5.573249598181696	21.576460215128176
40.74	-5.502441143538632	24.470973476751798
40.6	-5.131484540448459	24.620648984501234
40.43	-5.173506951634932	26.500432656334258
40.29	-4.833839149023077	25.97362177088954
40.15	-4.7644336566674115	25.622414513926394
40.01	-4.471292971079884	25.38827634261763
39.8	-4.515031751340715	29.385517561745136
39.58	-4.397478474799423	32.64367837449669
39.42	-3.803566945215083	31.25578558299759
39.23	-3.2073101375223048	32.11052372199868
39.1	-2.4591710078176012	29.12034914799885
39.05	-1.892710752978672	22.38023276533282
39.03	-1.4349114829678717	16.10682184355498
39.02	-1.0839770229567747	11.331214562369869
38.99	-0.7746154278496069	9.33414304157998
38.97	-0.37084529363426794	7.409428694386839
38.96	0.1920875716575619	5.532952462924441
38.96	0.7237601597582064	3.6886349752829606
38.96	1.2713116600347734	2.4590899835219737
38.97	2.0000945479911283	1.6393933223479826
38.97	2.6270888356482396	1.0929288815653218
38.97	3.178191753957891	0.7286192543768812
38.97	3.4200275017929025	0.4857461695845875
38.97	3.705178285989557	0.3238307797230583
38.96	4.378200503858453	0.8092205198152542
38.95	5.07916184961936	1.132813679876718
38.94	5.392544270328618	1.348542453251449
38.93	6.243722232179402	1.492361635500848
38.91	6.551845584324701	2.1815744236674175
38.9	7.404271312129428	2.047716282444827
38.89	7.567497592114139	1.9584775216297665
38.87	8.271033343526977	2.492318347753363
38.86	8.767596500529736	2.254878898502124
38.85	8.554573056672847	2.0965859323346314
38.84	8.926624785124703	1.9910572882229696
38.84	8.588629039985516	1.3273715254819796
38.87	8.807370122292134	0.8849143503213197
38.91	8.39044456440214	0.5899429002142131
38.98	8.566237319410046	0.39329526680947546
39.01	8.11133584454732	0.2621968445396503
39.02	8.147719841677244	0.1747978963597669
39.02	7.535784699718448	0.11653193090651126
39.02	7.244214361863915	0.07768795393767416
39.03	6.376923899601189	0.05179196929178277
39.04	5.710866704609956	0.03452797952785518
39.06	4.850624167350333	0.023018653018570118
39.09	3.8274841290712898	0.015345768679046745
39.11	2.949992718443039	0.010230512452697831
39.15	2.0600988001404117	0.006820341635131887
39.2	1.244390587050638	0.004546894423421257
39.23	0.5587903844917669	0.0030312629489475046
39.27	-0.12727899971643675	0.002020841965965003
39.42	-3.84774048401591	0.001347227977310002
39.46	-4.343741582551318	0.0008981519848733346
39.49	-4.702276153386445	0.0005987679899155565
39.53	-5.754692768487802	0.0003991786599437043
39.54	-6.58760740182018	0.0002661191066291362
39.53	-8.568535549128702	0.593510746070968
39.55	-10.601570365189534	0.39567383071397866
39.58	-11.39778030301589	0.26378255380931914
39.63	-12.890660053964428	0.17585503587287943
39.69	-12.994819421386326	0.11723669058191963
39.77	-13.801591580944452	0.07815779372127976
39.83	-13.259340892736128	0.0521051958141865
39.92	-13.349452541841057	0.03473679720945767
39.96	-13.025123928098838	0.023157864806305113
39.95	-12.080588120683435	0.608771909870752
40.02	-12.547388831011663	0.4058479399138347
40.09	-12.709254048553724	0.27056529327588985
40.18	-14.349202945167553	0.18037686218392657
40.24	-14.801885106941183	0.12025124145595104
40.28	-16.283765978829997	0.08016749430396736
40.31	-16.159622480180175	0.05344499620264491
40.35	-16.94238171937865	0.035629997468429944
40.4	-16.172823685422895	0.023753331645619963
40.46	-16.222374017671473	0.01583555443041331
40.52	-15.746094026477325	0.010557036286942208
40.58	-14.206516586048888	0.007038024191294805
40.64	-13.466835646370695	0.004692016127529871
40.7	-11.967710117435312	0.0031280107516865807
40.76	-11.213524210108277	0.0020853405011243874
40.82	-9.926026831856225	0.0013902270007495918
40.88	-9.320794736246468	0.0009268180004997279
40.94	-8.304228892598577	0.0006178786669998185
41	-7.878962121890285	0.00041191911133321235
41.07	-7.441034024671677	0.00027461274088880824
41.13	-6.679766001599004	0.00018307516059253882
41.2	-6.384864114705672	0.00012205010706169256
41.25	-5.751403957460208	0.00008136673804112838
41.32	-5.468269120500676	0.00005424449202741892
41.38	-4.857406871815895	0.00003616299468494595
41.46	-4.4959003193741855	0.0000241086631232973
41.52	-3.8716403763620892	0.0000160724420821982
41.6	-3.4041586999878235	0.000010714961388132131
41.66	-2.751869054781275	0.0000071433075920880875
41.74	-2.153740449394392	0.000004762205061392059
41.82	-1.4638580626164437	0.0000031748033742613726
41.88	-0.7734585680727394	0.0000021165355828409153
41.95	0.0049852939113093075	0.0000014110237218939434
42.01	0.6798401061807852	9.40682481262629e-7
42.07	1.5446363253117814	6.27121654175086e-7
42.13	2.160836876758971	4.180811027833907e-7
42.19	3.0471823351700635	2.787207351889271e-7
42.26	3.902817439664498	1.8581382345928476e-7
42.32	4.351280984847152	1.2387588230618982e-7
42.38	5.226123590936701	8.258392153745987e-8
42.44	5.6151014150038865	5.5055947691639916e-8
42.51	6.535691559068706	3.670396512775994e-8
42.57	6.922054984674406	2.446931008517329e-8
42.64	8.020727416914166	1.6312873390115527e-8
42.69	8.482864138469502	1.0875248926743684e-8
42.76	9.794829169621309	7.250165951162456e-9
42.81	10.30064230855846	4.833443967441637e-9
42.88	11.780241187656701	3.222295978294425e-9
42.94	13.198089829885125	2.1481973188629502e-9
42.99	13.57204523584664	1.4321315459086333e-9
43.05	15.135040104035848	9.54754363939089e-10
43.09	15.452490215674514	6.36502909292726e-10
43.15	17.067153761976442	4.2433527286181737e-10
43.19	17.276271384616848	2.8289018190787825e-10
43.25	18.89756097535792	1.8859345460525215e-10
43.29	18.99028357492716	1.2572896973683476e-10
43.34	20.591022223579785	8.381931315788984e-11
43.38	20.53382290226485	5.5879542105259895e-11
43.42	22.074611191449446	3.7253028070173264e-11
43.46	23.302774870366125	2.4835352046782176e-11
43.49	22.82490754428844	1.6556901364521448e-11
43.53	24.107872083475915	1.1037934243014298e-11
43.57	25.086289105875156	7.358622828676197e-12
43.6	24.31619388652818	4.905748552450798e-12
43.62	23.871153606844878	3.2704990349671985e-12
43.66	25.176986390880572	2.1803326899781323e-12
43.7	26.118520906091543	1.4535551266520882e-12
43.73	25.24875990926994	9.69036751101392e-13
43.77	26.299476644900277	6.460245007342614e-13
43.81	25.470538509696294	4.306830004895076e-13
43.86	26.553879996236272	2.8712200032633844e-13
43.91	25.703579540940645	1.9141466688422563e-13
43.96	26.735304685603925	1.2760977792281707e-13
44	25.806989408055532	8.507318528187804e-14
44.06	26.75523115952524	5.671545685458536e-14
44.11	27.34739473940545	3.7810304569723576e-14
44.16	26.130956154862666	2.520686971314905e-14
44.21	26.875313134787778	1.6804579808766034e-14
44.25	25.776893195497433	1.1203053205844022e-14
44.3	26.606158404787784	7.468702137229349e-15
44.34	25.578277537646695	4.979134758152899e-15
44.39	26.453913096857658	3.3194231721019325e-15
44.43	27.0329163246793	2.2129487814012884e-15
44.46	25.854586590572907	1.475299187600859e-15
44.5	26.639922302081903	9.83532791733906e-16
44.53	25.59980325526839	6.55688527822604e-16
44.57	26.47859082130859	4.3712568521506927e-16
44.6	25.48716727400561	2.914171234767129e-16
44.64	26.34956899343955	1.942780823178086e-16
44.67	26.864179242317878	1.2951872154520572e-16
44.7	25.61259481566301	8.634581436347048e-17
44.72	26.282868551293344	5.756387624231364e-17
44.74	25.181614351864592	3.837591749487576e-17
44.76	24.458427829761373	2.5583944996583837e-17
44.77	25.547356273825393	1.7055963331055892e-17
44.79	26.382154464475004	1.1370642220703928e-17
44.81	25.516641206378928	7.580428147135953e-18
44.82	26.68969075754276	5.053618764757301e-18
44.84	25.97001107998579	3.3690791765048676e-18
44.85	27.219628526124588	2.2460527843365786e-18
44.87	26.445262783520647	1.4973685228910523e-18
44.88	27.60858979278471	9.98245681927368e-19
44.9	28.38151833964401	6.6549712128491205e-19
44.91	27.208709123808987	4.436647475232748e-19
44.93	28.03526390052316	2.957764983488498e-19
44.94	26.900172599062564	1.9718433223256654e-19
44.95	27.744004274108878	1.314562214883777e-19
44.97	28.283937137595636	8.763748099225179e-20
44.98	26.99284441223295	5.842498732816787e-20
44.99	26.113756380172806	3.894999155211191e-20
45	27.12956829780021	2.5966661034741276e-20
45.01	27.810054733681362	1.7311107356494186e-20
45.02	26.663480997343655	1.154073823766279e-20
45.03	27.54424519069275	7.693825491775194e-21
45.04	26.52037093969305	5.1292169945167956e-21
45.05	27.485229733489316	3.4194779963445304e-21
45.06	26.502993189922655	2.27965199756302e-21
45.08	27.489709171905574	1.5197679983753468e-21
45.11	28.1485033738019	1.0131786655835645e-21
45.13	26.935995842544287	6.7545244372237635e-22
45.15	27.72100401796551	4.503016291482509e-22
45.18	26.580180870674845	3.0020108609883393e-22
45.2	27.40543810655205	2.0013405739922262e-22
45.23	26.328494612307903	1.3342270493281508e-22
45.26	27.21273073755238	8.894846995521005e-23
45.28	26.192482504119475	5.929897997014002e-23
45.31	27.128940829447433	3.953265331342668e-23
45.34	26.147769434107452	2.6355102208951123e-23
45.37	27.11650811735006	1.757006813930075e-23
45.4	27.780693454674402	1.1713378759533834e-23
45.43	26.63538273524265	7.808919173022557e-24
45.46	27.541905469972587	5.205946115348371e-24
45.49	26.56438214801909	3.470630743565581e-24
45.54	27.49850593411016	2.313753829043721e-24
45.58	26.296774993750937	1.5425025526958138e-24
45.62	27.20338689206274	1.0283350351305424e-24
45.66	28.025158764422304	6.855566900870283e-25
45.71	26.722298621817753	4.570377933913522e-25
45.77	27.18577600611461	3.046918622609015e-25
45.81	25.865678849646308	2.0312790817393434e-25
45.86	26.61863034696451	1.3541860544928958e-25
45.88	26.109511448612817	9.027907029952638e-26
45.92	28.31256846637091	6.018604686635092e-26
45.93	28.282674999453427	4.012403124423394e-26
45.91	30.860949981779786	1.1866666666668522
45.87	31.49429166559664	3.1644444444445172
45.86	34.46193971316841	2.7029629629628933
45.85	36.61773809724654	2.395308641975144
45.84	36.02391196837852	2.1902057613166446
45.86	38.381632306725315	1.4601371742110962
45.89	37.79160903105334	0.9734247828073974
45.93	39.865652357882716	0.6489498552049315
45.94	38.37376717425999	0.4326332368032877
45.9	39.769524695301904	2.6617554912021415
45.87	38.85882927514542	3.5545036608014953
45.82	41.533796136521424	5.336335773867495
45.83	43.47611418131735	3.5575571825783294
45.78	41.92690210746725	5.338371455052051
45.71	43.37853438768211	7.712247636701385
45.67	41.878897063870404	7.514831757800873
45.63	43.57176334335339	7.383221171867198
45.6	44.6816534654397	6.702147447911533
45.59	42.64863269350145	5.061431631940904
45.57	41.02346571923075	4.560954421294121
45.55	42.07399073248619	4.2273029475296
45.52	42.3219090107027	4.598201965019379
45.5	39.7604670631587	4.252134643346438
45.45	40.180907477441394	5.8014230955641235
45.4	38.27411987322099	6.834282063709669
45.32	39.68014372565871	9.302854709139678
45.26	38.6376123655213	9.761903139426588
45.17	40.79192781444389	11.847935426284172
45.09	42.57041255342501	12.645290284189347
45.03	41.3867037437462	11.990193522793033
44.95	43.372479151771564	12.740129015195254
44.89	42.16107248691149	12.053419343463638
44.82	44.088712919445236	12.188946228975775
44.76	42.787732996839615	11.685964152650651
44.68	44.71663785311102	12.537309435100333
44.62	43.35486525259451	11.918206290067024
44.56	45.19799848386982	11.505470860044396
44.51	43.73708011775239	10.636980573363184
44.47	45.4619881682285	9.464653715575405
44.44	46.58668248936263	8.089769143717005
44.42	44.61697058352413	6.5798460958111
44.41	45.97612716535546	4.979897397207703
44.4	44.14698667745831	3.9132649314716845
44.4	45.575924555069875	2.6088432876477894
44.4	43.73232500212486	1.7392288584318596
44.4	45.05982576057999	1.1594859056212399
44.4	45.80286761450906	0.7729906037474932
44.4	43.49052932796712	0.5153270691649954
44.4	44.39669170275071	0.34355137944333025
44.4	42.319322325973594	0.2290342529622202
44.4	43.2801695766699	0.15268950197481346
44.4	41.33039882811356	0.10179300131654231
44.39	42.43663606171226	0.6611953342109103
44.39	40.609692045764525	0.44079688947394013
44.38	41.885349472167725	0.887197926315842
44.37	40.30904886508249	1.1847986175441982
44.35	41.77999691828953	1.9765324116958962
44.32	40.32274319369316	3.097688274463998
44.29	41.89534957266441	3.8451255163093996
44.26	42.97358809161644	4.343417010873001
44.22	41.2178089138582	5.268944673915283
44.2	42.61500345785095	4.699296449276619
44.17	43.54810573256665	4.912864299517813
44.15	41.68966777521546	4.461909533012061
44.12	43.0148167929218	4.7546063553414415
44.1	41.400367329642826	4.3564042368940585
44.08	42.97341610424089	4.090936157929558
44.07	41.49505457743076	3.3206241052862535
44.05	40.5943931379836	3.4004160701910213
44.03	42.650841123969705	3.453610713460445
44.01	44.08245852779964	3.4890738089738154
44	42.50062964621308	2.919382539315759
43.98	44.10132675872996	3.1329216928773582
43.96	45.23107734137402	3.2752811285846692
43.94	43.339158017734185	3.3701874190566317
43.92	42.063453109109226	3.4334582793708517
43.88	46.382179616925065	4.662305519580517
43.85	43.92165265356021	4.888203679720412
43.81	42.205896056217206	5.632135786480224
43.76	43.55469488110493	6.721423857653735
43.7	41.85864077914854	8.040949238435537
43.63	17.050349626242955	9.513966158957041
43.55	26.84301557981253	11.089310772638347
43.47	30.87390525619303	12.139540515092131
43.36	36.2849351984228	14.619693676728053
43.27	37.39637344597488	15.086462451151816
43.14	40.93716342225345	17.770974967434697
43.04	40.77685849574968	17.780649978289883
42.91	43.553093355674925	19.567099985526742
42.8	42.849972261179104	19.57139999035113
42.67	45.34432485134159	20.76093332690048
42.56	44.37263136994826	20.36728888460029
42.43	46.73219532799352	21.29152592306701
42.32	45.577205770666076	20.721017282044638
42.2	47.853258536229234	20.93401152136294
42.09	49.52012622715676	20.48267434757526
42.01	47.79711605646063	18.401782898383825
41.9	49.69514411125748	18.79452193225585
41.82	48.02460763493922	17.27634795483713
41.73	49.90122811088546	16.857565303224956
41.65	48.147243759430644	15.985043535483202
41.56	49.89381057740529	15.996695690321916
41.47	50.973931242452515	16.004463793548148
41.4	48.662719090651606	14.822975862365448
41.32	49.95846123099823	14.628650574910198
41.24	47.82148669385852	14.499100383273364
41.15	49.19797954332335	15.006066922182445
41.08	47.1436895313041	14.157377948121647
40.98	48.542520489510046	15.37158529874785
40.89	49.380653926561244	15.587723532498346
40.81	47.02974896482597	15.138482354998796
40.74	45.39789272155422	14.245654903332548
40.65	47.08031328672969	14.837103268888567
40.59	48.2334005085384	13.451402179258759
40.54	46.270158938099975	11.934268119506092
40.48	47.922464116485294	11.516178746337529
40.44	46.29924719685835	10.050785830891636
40.39	48.21003683656038	9.667190553927588
40.36	46.66078816710519	8.22479370261846
40.32	48.57236830971484	7.856529135078922
40.3	49.82413348493232	6.424352756719467
40.28	47.670627085151644	5.469568504479409
40.26	49.01675559714068	4.833045669653125
40.25	46.90517574740595	3.8153637797686324
40.24	48.14450932080076	3.1369091865123035
40.24	45.999435489580385	2.091272791008202
40.24	47.1643117382201	1.3941818606721346
40.23	47.7336952853336	1.5227879071150598
40.23	45.257390979458386	1.0151919380767067
40.24	75.15543842605933	0.6767946253844712
40.24	63.20578625691356	0.45119641692298085
40.24	57.8411617776346	0.30079761128198723
40.24	51.63080594810403	0.20053174085465814
40.24	50.128114578308455	0.13368782723643874
40.24	46.53532905127805	0.08912521815762584
40.24	46.77243896452668	0.059416812105083885
40.23	46.95837941183729	0.6329445414036927
40.23	44.48479144794099	0.42196302760246185
40.22	45.485081222105684	0.8746420184015231
40.22	43.5288205812	0.5830946789343487
40.21	44.90350165457898	0.9820631192894478
40.21	45.84716717715276	0.6547087461929653
40.21	43.841354468293886	0.4364724974619768
40.2	42.535947356486105	0.8843149983078665
40.2	44.370758709021345	0.5895433322052444
40.2	45.63396386515535	0.39302888813682957
40.2	43.833309200741574	0.26201925875788634
40.2	45.35861001025726	0.17467950583859088
40.2	43.721211063611754	0.11645300389239391
40.2	45.36682373611488	0.0776353359282626
40.2	43.79619088584789	0.05175689061884174
40.21	45.49582191258562	0.0345045937458945
40.22	43.947103788038184	0.023003062497263
40.23	45.68035987857528	0.015335374998175333
40.24	46.87094379050528	0.010223583332116887
40.25	44.946141825760826	0.006815722221411259
40.27	46.40802086412638	0.004543814814274173
40.29	44.62539612555348	0.0030292098761827814
40.31	46.12632563772186	0.002019473250788521
40.33	47.052851420381806	0.0013463155005256806
40.36	44.876605414368456	0.0008975436670171204
40.38	45.99348873951356	0.0005983624446780802
40.41	43.928083156882884	0.00039890829645205345
40.44	45.01525978827691	0.00026593886430136893
40.47	42.93627887567579	0.00017729257620091262
40.51	43.8603162194271	0.0001181950508006084
40.55	44.13931226084022	0.00007879670053373894
40.59	41.557279838002664	0.00005253113368915929
40.62	39.553646831416124	0.00003502075579277286
40.67	40.203017674065975	0.000023347170528515244
40.71	38.01641741868636	0.000015564780352343496
40.76	38.43857054073652	0.000010376520234895663
40.8	38.34166811693516	0.0000069176801565971085
40.84	35.89721002818899	0.00000461178677106474
40.89	36.04648041129441	0.0000030745245140431594
40.93	33.897605008303806	0.0000020496830093621063
40.99	34.17147586853632	0.0000013664553395747375
41.04	34.057680873559654	9.109702263831584e-7
41.09	31.857683353216462	6.07313484255439e-7
41.13	30.143164435051954	4.048756561702926e-7
41.19	30.404985131436117	2.699171041135284e-7
41.26	30.092020680155596	1.799447360756856e-7
41.31	27.804158846258925	1.199631573837904e-7
41.38	27.209353313147478	7.997543825586028e-8
41.44	24.7726114652439	5.331695883724018e-8
41.52	23.658905766857497	3.554463922482678e-8
41.58	20.969667463282338	2.3696426149884524e-8
41.65	19.208971137414355	1.5797617433256347e-8
41.73	16.845081425854406	1.053174495550423e-8
41.79	13.658104571571094	7.021163303669487e-9
41.88	11.076431717640517	4.680775535779658e-9
41.93	7.785575085879003	3.1205170238531056e-9
42	4.885483746035542	2.080344682568737e-9
42.06	2.2649178474571143	1.3868964550458248e-9
42.13	-0.4155124161379806	9.245976366972166e-10
42.21	-2.8132487615542594	6.16398424464811e-10
42.27	-4.2868291589507495	4.1093228297654064e-10
42.33	-5.38658606124079	2.739548553176938e-10
42.4	-6.577106796270754	1.8263657021179585e-10
42.47	-7.086869982864451	1.2175771347453058e-10
42.53	-6.598565330766582	8.117180898302038e-11
42.6	-6.035994011094738	5.411453932201359e-11
42.66	-4.860011161796721	3.607635954800906e-11
42.72	-3.227221327075095	2.405090636533937e-11
42.77	-1.4266065684786013	1.6033937576892916e-11
42.84	0.8983256155334913	1.0689291717928612e-11
42.9	3.5646065228211867	7.126194478619075e-12
42.95	5.744725798112432	4.7507963190793835e-12
43	8.936066622246399	3.1671975460529226e-12
43.05	11.083298116479103	2.1114650307019487e-12
43.09	14.619904723006654	1.407643353801299e-12
43.13	16.650613003234003	9.384289025341993e-13
43.17	20.353457182729503	6.256192683561329e-13
43.21	23.884742762407182	4.1707951223742195e-13
43.24	25.297022741564042	2.7805300815828127e-13
43.27	28.926905184977883	1.8536867210552085e-13
43.29	30.00543230243605	1.235791147370139e-13
43.31	31.32113570664662	8.23860764913426e-14
43.33	35.11088253759106	5.4924050994228394e-14
43.34	38.292914660680665	3.661603399615226e-14
43.35	38.4319299462031	2.4410689330768175e-14
43.36	41.5652430971792	1.627379288717878e-14
43.36	41.332783119077945	1.0849195258119187e-14
43.35	44.314014101163146	0.5933333333332226
43.35	46.61230235053912	0.3955555555554817
43.33	45.49219545829349	1.4503703703705066
43.31	47.88494032175624	2.153580246913435
43.3	46.68568192930787	2.0290534979425936
43.27	48.98221912284249	3.132702331961375
43.25	47.69095511196384	3.2751348879744353
43.23	49.94992428486118	3.3700899253164756
43.21	48.50657340833015	3.433393283544081
43.18	50.698903339947186	4.068928855696122
43.15	52.20307700810822	4.492619237130815
43.13	50.15850225346424	4.181746158086974
43.1	51.898707885295536	4.56783077205805
43.08	49.964933203706956	4.231887181372219
43.05	51.719500942852356	4.60125812091488
43.02	49.79972696206336	4.8475054139428995
43	51.54805567043795	4.418336942628785
42.97	49.62559765665785	4.725557961752591
42.95	51.39705353979342	4.337038641168157
42.93	52.58441718561182	4.078025760778957
42.92	50.33830729727459	3.3120171738525204
42.91	51.96726953344774	2.8013447825686506
42.91	50.00883779920166	1.8675631883791004
42.91	51.81204554566052	1.245042125586067
42.91	49.92141974559578	0.8300280837240448
42.92	51.62852849463583	0.5533520558160299
42.93	49.57974401028977	0.36890137054401995
42.94	50.979786452169776	0.24593424702934663
42.95	48.66645863925445	0.1639561646862311
42.97	49.71785417047191	0.10930410979082072
42.99	50.01077634435288	0.07286940652721383
43	47.11181817504676	0.04857960435147589
43.01	47.6147702120219	0.03238640290098392
43.02	45.03270653019378	0.021590935267322614
43.02	45.795443222694466	0.014393956844881744
43.03	43.583114834775294	0.009595971229921164
43.03	44.693483164424904	0.006397314153280776
43.04	45.45094079423754	0.004264876102187185
43.04	43.39065741973337	0.0028432507347914563
43.05	44.695662154973625	0.0018955004898609708
43.05	42.97352655950648	0.0012636669932406474
43.06	44.49707831676165	0.0008424446621604317
43.07	42.87031590217931	0.000561629774773621
43.08	44.4049939271866	0.0003744198498490807
43.09	42.7587653998467	0.00024961323323272045
43.1	44.22899371078502	0.00016640882215514696
43.11	42.54094617918218	0.00011093921477009798
43.13	43.94870707597742	0.00007395947651339866
43.14	42.23048931943203	0.0000493063176755991
43.16	43.58863031571169	0.000032870878450399406
43.18	44.38390035562192	0.000021913918966932937
43.21	42.26325664459949	0.000014609279311288625
43.23	43.23721902139152	0.000009739519540859084
43.26	41.25225991349096	0.0000064930130272393896
43.29	42.23029045975944	0.000004328675351492926
43.32	42.671503865379165	0.000002885783567661951
43.34	40.37678587431639	0.000001923855711774634
43.38	41.03061267867853	0.0000012825704745164225
43.4	38.965336582373865	8.550469830109483e-7
43.44	39.73688087379415	5.700313220072988e-7
43.46	37.84335616549797	3.800208813381992e-7
43.49	38.73136847675026	2.5334725422546616e-7
43.52	37.00007417769529	1.6889816948364413e-7
43.55	38.032139569368454	1.1259877965576275e-7
43.58	38.696250180969905	7.506585310384183e-8
43.6	36.9383036381184	5.0043902069227893e-8
43.63	38.06029929010626	3.336260137948527e-8
43.65	36.654983632936194	2.2241734252990176e-8
43.68	38.100749718226815	1.4827822835326785e-8
43.7	36.915870903713184	9.88521522355119e-9
43.73	38.57891851180488	6.59014348236746e-9
43.75	39.85744274070763	4.393428988244974e-9
43.78	38.474189349037964	2.9289526588299826e-9
43.8	40.03859176974145	1.9526351058866553e-9
43.83	38.7677318336362	1.3017567372577703e-9
43.86	40.3965720541375	8.678378248385136e-10
43.88	39.10375653337614	5.785585498923423e-10
43.91	40.71894324469201	3.857056999282282e-10
43.93	39.37637209851762	2.5713713328548544e-10
43.96	40.98051820579869	1.7142475552365697e-10
43.98	39.62763601522221	1.1428317034910465e-10
44.01	41.2490050002912	7.618878023273643e-11
44.03	39.929898465700134	5.079252015515762e-11
44.05	41.63492840820276	3.386168010343842e-11
44.07	42.91291799007755	2.2574453402292277e-11
44.09	41.366367174224045	1.5049635601528183e-11
44.1	43.03238375491417	1.003309040101879e-11
44.11	44.31624775197705	6.688726934012526e-12
44.12	42.691896829664856	4.459151289341684e-12
44.13	41.68022142746235	2.972767526227789e-12
44.13	43.740114450125624	1.981845017485193e-12
44.14	45.20115805645168	1.3212300116567952e-12
44.15	43.51575735134456	8.808200077711967e-13
44.16	42.42567944971251	5.872133385141311e-13
44.16	44.44772949897633	3.9147555900942073e-13
44.17	45.79576286514129	2.609837060062805e-13
44.17	44.04707045361598	1.739891373375203e-13
44.18	45.67930348723619	1.1599275822501354e-13
44.18	44.07532612125153	7.732850548334237e-14
44.18	45.841246722483945	5.1552336988894916e-14
44.18	47.17466524772653	3.436822465926328e-14
44.19	45.34320122632907	2.2912149772842187e-14
44.18	47.031557949405276	0.5933333333332306
44.18	45.478929962286124	0.39555555555548705
44.19	47.29383669137794	0.26370370370365803
44.18	48.5725408553367	0.7691358024689873
44.18	46.65304632522112	0.5127572016459916
44.19	45.33494300049946	0.341838134430661
44.19	47.266447803542384	0.22789208962044066
44.19	48.56510061642028	0.15192805974696044
44.2	46.50842245780191	0.10128537316464029
44.2	47.85517255990857	0.0675235821097602
44.21	45.929323796164944	0.045015721406506795
44.21	47.34739281447782	0.030010480937671197
44.22	45.37688244107521	0.020006987291780798
44.22	46.75165327838161	0.013337991527853865
44.23	44.836042890962155	0.008891994351902577
44.24	46.053736874833916	0.005927996234601718
44.24	46.62235080886617	0.003951997489734479
44.25	44.20462822431009	0.0026346649931563194
44.26	45.08807251703917	0.0017564433287708798
44.25	43.15104017848963	0.5945042955523959
44.25	44.583127595026305	0.3963361970349306
44.24	42.90170004807228	0.8575574646898356
44.24	44.36969057387714	0.5717049764598905
44.24	42.7405573785285	0.3811366509732603
44.24	46.862351219991616	0.2540911006488402
44.25	44.26553611390991	0.16939406709922683
44.27	42.463182792803856	0.11292937806615122
44.28	43.651346838488344	0.0752862520441008
44.29	41.752798801391734	0.05019083469606721
44.29	42.89916775501967	0.033460556464044805
44.29	41.07770901000511	0.022307037642696537
44.29	44.72151183094658	0.014871358428464359
44.29	39.64829732345347	0.009914238952309574
44.3	41.13438530977094	0.00660949263487305
44.31	42.065769950457515	0.004406328423248699
44.32	40.169795655867524	0.0029375522821658
44.33	41.18465076786391	0.0019583681881105335
44.35	39.20424993463417	0.0013055787920736891
44.37	37.6422349970106	0.0008703858613824595
44.41	38.35500722750769	0.0005802572409216397
44.44	38.16781062919061	0.0003868381606144264
44.47	35.517632413634594	0.00025789210707628427
44.47	35.95702535925799	0.00017192807138418953
44.44	37.09072295575889	1.7801146187143235
44.39	36.66950217450789	4.15340974580938
44.33	40.17444361121958	6.328939830539722
44.3	40.946493462909935	5.999293220359882
44.26	45.25506291964087	6.372862146906537
44.24	45.82258156167738	5.435241431270788
44.22	49.88525430473141	4.810160954180711
44.22	49.764938974216385	3.206773969453807
44.22	53.175440363178474	2.1378493129692044
44.25	51.6612626270386	1.425232875312803
44.33	52.958106138485554	0.9501552502085353
44.4	52.80563965164064	0.6334368334723568
44.43	49.08745114270416	0.42229122231490457
44.47	48.05894019063727	0.2815274815432697
44.5	43.53954251316525	0.18768498769551312
44.53	41.70912137917711	0.12512332513034208
44.57	39.62362641009276	0.08341555008689472
44.61	35.77295300862242	0.055610366724596474
44.62	34.99710232880704	0.037073577816397654
44.59	32.7080901508112	1.804715718543911
44.53	33.33256709231778	4.763143812362743
44.49	32.314729742727074	5.548762541575111
44.47	34.226076790104564	4.8858416943835925
44.47	33.79846407047337	3.2572277962557283
44.46	36.350420693942596	2.7648185308370343
44.48	36.26508081139474	1.843212353891356
44.55	38.28949646063048	1.2288082359275707
44.59	38.98559097858088	0.8192054906183805
44.6	37.166354194399176	0.5461369937455871
44.62	38.130703695971654	0.3640913291637248
44.64	36.328284650258944	0.24272755277581654
44.67	36.88811285326064	0.16181836851721104
44.69	34.72752954867452	0.10787891234480737
44.69	35.20941844678374	0.07191927489653824
44.73	33.53186703437526	0.04794618326435883
44.79	34.01281639478738	0.031964122176239215
44.84	33.35755720920187	0.02130941478415948
44.86	30.496163667568055	0.014206276522772985
44.91	29.533207467900905	0.00947085101518199
44.96	26.705794699767797	0.006313900676787993
45.02	25.351781387782687	0.004209267117858661
45.07	22.397259816953156	0.0028061780785724405
45.13	20.533750645285277	0.0018707853857149602
45.18	17.508086371252592	0.0012471902571433067
45.24	15.20476460824935	0.0008314601714288711
45.3	12.545514044009396	0.0005543067809525807
45.36	9.537078623083556	0.0003695378539683871
45.41	6.80444967388169	0.00024635856931225805
45.48	4.180383747575451	0.00016423904620817205
45.67	-2.7731110331884823	0.00010949269747211469
45.73	-4.536416712105864	0.00007299513164807646
45.8	-6.748315509614724	0.00004866342109871764
45.86	-8.68660600542505	0.00003244228073247843
45.92	-9.571411328700483	0.000021628187154985618
45.98	-11.182756825161727	0.000014418791436657079
46.04	-11.622870686046095	0.000009612527624438053
46.11	-12.847117743514595	0.000006408351749625368
46.16	-12.810634075913589	0.000004272234499750246
46.23	-13.561728493171325	0.0000028481563331668308
46.29	-13.083475138097713	0.0000018987708887778873
46.36	-13.294980278321505	0.0000012658472591852582
46.43	-13.003627608045823	8.438981727901721e-7
46.49	-11.660203348267652	5.625987818601148e-7
46.55	-10.241340683481473	3.750658545734099e-7
46.62	-8.995120561866793	2.5004390304893993e-7
46.67	-7.077373467953006	1.6669593536595995e-7
46.74	-5.106568284838239	1.1113062357730663e-7
46.81	-2.802572809779297	7.40870823848711e-8
46.87	-0.6269121754941156	4.939138825658073e-8
46.92	1.941681867804844	3.292759217105382e-8
46.99	4.573635656132712	2.1951728114035883e-8
47.04	6.443903629458771	1.4634485409357255e-8
47.09	8.25376314584712	9.756323606238171e-9
47.14	10.928706873129416	6.504215737492114e-9
47.18	13.340826191680682	4.336143824994742e-9
47.2	14.3485449159401	2.890762549996495e-9
47.21	16.539297555094496	1.9271750333309963e-9
47.19	18.41049175914399	1.1866666679516356
47.17	18.70522513488628	1.9777777786341875
47.15	20.458085352558168	2.5051851857563103
47.13	20.47354702173808	2.856790123837304
47.11	20.614067235064017	3.0911934158917216
47.09	22.19615146537104	3.2474622772609116
47.06	23.28305984449299	3.9449748515073417
47.04	23.976181673599367	3.81664990100508
47.02	22.94617050275722	3.7310999340031503
47	22.15597804182121	3.6740666226689522
46.98	22.848382079977547	3.63604441511282
46.96	23.126317570216454	3.610696276741644
46.94	21.865148000656458	3.5937975178279484
46.91	22.18355042750344	4.175865011885366
46.89	21.03073710455482	3.970576674590008
46.87	21.41910257616485	3.833717783060191
46.85	20.38819313750484	3.742478522039891
46.83	20.85306380834992	3.6816523480267795
46.8	21.10218207512032	4.2344348986845874
46.78	20.021532830054078	4.009623265789489
46.76	19.2517792040037	3.8597488438598444
46.74	19.85014144513131	3.7598325625729934
46.72	20.159239448473677	3.6932217083821812
46.7	19.1287195253835	3.6488144722545512
46.67	19.474799676040956	4.212542981503102
46.66	18.474548933311663	3.4016953210023715
46.64	18.74601917224019	3.454463547334678
46.62	17.68510701588573	3.489642364889971
46.6	17.74047067714205	3.5130949099264113
46.58	17.39340704007242	3.5287299399511265
46.57	15.872334472368534	2.9458199599672996
46.55	15.170132040836231	3.1505466399783852
46.54	13.426377296716174	2.693697759985472
46.52	12.26690673796907	2.982465173323412
46.51	10.362027416199	2.5816434488825784
46.49	8.863679021763348	2.907762299254816
46.48	7.031859013416277	2.5318415328368475
46.46	5.496648218001712	2.8745610218909956
46.45	3.999924207178454	2.5097073479272125
46.43	2.6551414203103727	2.8598048986183273
46.38	1.4693747114281834	4.873203265745383
46.25	0.5359213732246598	10.962135510497074
46.02	-0.37486755221459134	20.954757006997866
45.81	-1.0099273409965281	26.429838004665296
45.56	-1.7511092355893076	32.45322533644353
45.28	-2.4234164737247355	38.248816890962424
45.02	-2.7808480850752297	40.925877927308164
44.73	-3.095053378601029	44.49058528487248
44.33	-3.6293195598865626	53.393723523248234
43.87	-4.03451045156553	62.88914901549887
43.46	-4.055718298564959	66.25276601033238
42.93	-4.3481392605851505	75.61517734022165
42.48	-4.2513623589649265	77.1101182268146
41.95	-4.415928969308359	82.85341215120938
41.51	-4.233075719971523	81.34227476747321
40.97	-4.322287870791086	86.26818317831543
40.54	-4.0866984658641545	83.02545545221027
40.02	-4.108152686726182	86.20363696813995
39.5	-4.0431365138032875	88.32242464542682
39.07	-3.709482038044634	84.39494976361786
38.55	-3.5854209354779654	87.11663317574542
38.13	-3.2187347586523334	82.99775545049663
37.62	-3.009213725042487	85.59183696699806
37.11	-2.7040102316200896	87.32122464466525
36.71	-2.253117633318691	81.94748309644342
36.22	-1.8912352803545476	83.7049887309624
35.82	-1.4759744790984335	79.53665915397485
35.34	-1.1226016752670163	81.50443943598304
34.94	-0.767129495546458	78.0696262906557
34.45	-0.43148595984243476	81.11975086043684
34.05	-0.1373385033104843	77.81316724029156
33.57	0.1751052433627106	80.35544482686086
33.17	0.4026417173832345	77.30362988457382
32.7	0.6651866702853806	79.42241992304915
32.22	0.8837590948450429	81.42827994869967
31.82	0.9783910597488511	78.01885329913303
31.35	1.1303876087743416	79.89923553275528
30.95	1.1515185602288793	76.99949035517032
30.48	1.2386547343773484	79.21966023678014
30.08	1.209271284432475	76.54644015785355
29.6	1.2512974543055102	79.51096010523551
29.2	1.1908571209577934	76.74064007015714
28.72	1.199597493436731	79.64042671343812
28.24	1.1806718028653933	81.57361780895877
27.84	1.0860104435158386	78.11574520597243
27.36	1.0568147598386444	80.55716347064832
26.96	0.9563722479251072	77.43810898043213
26.48	0.9086102350665454	80.10540598695478
26.07	0.8099081713904835	77.73027065796985
25.59	0.764228532887885	80.30018043864659
25.19	0.6784918894120727	77.26678695909764
24.71	0.6328088449034609	79.99119130606512
24.22	0.5743428761105889	82.40079420404354
23.82	0.5020888819501749	78.66719613602893
23.34	0.4614395907770017	80.92479742401932
22.94	0.40544836314287896	77.68319828267946
22.45	0.37809978443955916	80.86213218845309
22.05	0.3290086039589941	77.64142145896864
21.56	0.29783843343785393	80.83428097264587
21.16	0.26021507326095683	77.622853981763825
20.68	0.24394377717969337	80.22856932117591
20.19	0.23069885004992738	82.55904621411717
19.78	0.21006633174841347	79.36603080941146
19.29	0.20176181051139871	81.98402053960776
18.89	0.17739463146452233	78.38934702640509
18.41	0.16633395902334727	80.73956468427009
18	0.15439078084102648	78.15304312284674
17.51	0.15599775707846655	81.17536208189773
17.1	0.14954903629207655	78.44357472126516
16.61	0.15774913528356482	81.36904981417689
16.12	0.16143318857083844	83.3193665427845
15.72	0.1497507325151628	79.27957769518969
15.23	0.14020023967071213	81.92638513012648
14.83	0.12942777242820133	78.35092342008434
14.35	0.13714277018028548	80.71394894672292
13.94	0.13925349802632236	78.13596596448195
13.45	0.14908227316629183	81.16397730965465
12.96	0.16225324322877946	83.18265153976968
12.55	0.1613008703694568	79.78176769317979
12.07	0.16744833298532408	81.66784512878655
11.67	0.160789093443522	78.17856341919105
11.19	0.15727167595754765	80.59904227946073
10.71	0.14312416407431425	82.21269485297374
10.31	0.12502497943534677	78.54179656864918
9.9	0.12068380029548222	76.68786437909945
9.41	0.141148927824712	80.19857625273298
8.91	0.16509910164761474	83.13238416848866
8.5	0.17041078907576118	79.74825611232578
8	0.18009908429259835	82.83217074155051
7.59	0.16926390878114148	79.54811382770035
7.1	0.17179396858511684	82.10540921846692
6.69	0.159178258987668	79.06360614564457
6.28	0.15076778593361603	77.03573743042972
5.8	0.14770163426028599	79.83715828695317
5.31	0.1413135328419245	82.29810552463546
4.9	0.1269939299113816	79.19207034975693
4.41	0.11929167903055982	81.86804689983796
3.92	0.11089884488017739	83.65203126655865
3.5	0.10192267847419738	80.68802084437243
3.01	0.1030692850208377	82.86534722958163
2.59	0.09998146270843776	80.16356481972109
2.1	0.10116042415270679	82.51570987981404
1.67	0.07946824590220375	80.5238065865427
1.18	0.05181086825204177	82.75587105769513
0.76	-0.008551084641239673	80.09058070513008
0.24	-0.057439406053854204	84.24705380342006
0.19	-0.05417312719070946	59.13136920228004
0.65	-0.015194548702113168	39.42091280152003
0.95	0.02892532254507256	26.28060853434669
1.25	0.056760796333327604	17.520405689564463
1.45	0.03935683288868498	11.680270459709643
1.4	0.03754868185905921	10.753513639806432
1.09	0.018188605018135517	25.56234242653761
0.83	0.03597675726054446	32.46822828435842
0.62	0.0736331499196502	34.10548552290561
0.53	0.05769480496409041	28.07699034860374
0.47	0.06333875227591361	22.27799356573583
0.41	0.05333172244244791	18.411995710490554
0.28	0.0640978421632667	19.987997140327032
0.11	0.03410536585813588	23.411998093551357
0.15	0.050727025792836375	15.60799872903424
0.32	-0.02124013770437362	10.405332486022825
